# version 1
# minfreq 27.500000
# minnote 9.000000
# nfreqs 288
# tonesteps 3
441 0.010000 1.079492e+07
 -2.090966e+05 1.907096e+05 1.302505e+05 -3.479014e+04 4.842293e+04 1.602863e+05 3.657061e+04 1.434129e+05 2.362605e+05 -3.892350e+04
 -3.297955e+04 5.332295e+04 -1.256090e+05 8.453886e+04 -3.322549e+04 3.151564e+04 1.220882e+04 3.767371e+03 5.747538e+04 -1.803711e+03
 3.317317e+04 1.731686e+05 1.609896e+05 -1.009032e+05 1.074224e+05 -8.990017e+04 1.177620e+05 6.069451e+04 1.840788e+05 -3.159996e+04
 1.153675e+05 1.051722e+05 6.610889e+04 2.483316e+04 -8.274212e+04 -3.439170e+04 7.764741e+04 -1.393019e+05 -3.417700e+04 1.960115e+05
 7.296611e+04 1.914601e+05 3.849867e+04 1.497237e+05 1.791481e+05 1.639374e+05 1.586478e+04 3.420171e+04 2.869558e+05 7.623049e+04
 2.462343e+05 1.717626e+04 -1.433876e+04 -7.472336e+04 -1.825634e+05 -1.245543e+05 2.438352e+05 -6.762184e+04 1.811567e+05 1.061947e+05
 1.666106e+05 1.866597e+05 2.325264e+04 8.092364e+04 5.514786e+04 -1.033926e+05 9.414557e+04 2.749993e+05 -8.693180e+04 4.768331e+05
 -8.847923e+03 3.829394e+04 2.202926e+05 1.383136e+05 1.245381e+05 -1.511199e+05 -1.952227e+04 -3.027058e+04 -1.481124e+05 -2.025406e+04
 2.127796e+05 -1.686494e+05 -1.593564e+05 -5.790742e+03 1.263279e+05 -1.274942e+05 2.969363e+04 -9.350880e+04 -3.181215e+05 -1.057932e+05
 1.243558e+05 4.398271e+05 3.591961e+05 -1.943602e+05 -1.117185e+05 -2.073419e+05 1.542890e+05 -8.097599e+04 2.042619e+05 -3.043847e+04
 1.924288e+05 -1.926118e+05 1.756058e+05 1.985899e+05 -2.809103e+04 3.777385e+05 3.957259e+04 1.684091e+05 3.885449e+05 -2.285376e+05
 -6.247658e+05 5.822224e+04 2.157168e+04 5.019440e+05 5.118571e+05 -2.266307e+05 1.920942e+05 2.498413e+05 5.154287e+04 4.035497e+05
 1.028653e+06 5.619801e+05 3.165703e+05 6.076994e+04 5.822195e+05 1.279369e+05 5.964399e+05 3.059191e+05 3.753253e+05 1.294150e+04
 8.463112e+05 1.543578e+05 1.694086e+04 7.307890e+05 7.007666e+05 8.183607e+05 1.620543e+06 2.238010e+06 2.545642e+06 3.374565e+06
 5.287481e+06 5.539580e+06 5.681525e+06 6.784657e+06 6.503819e+06 6.309078e+06 6.493944e+06 5.299914e+06 4.385171e+06 3.695258e+06
 2.175399e+06 1.266766e+06 1.438481e+06 -2.406377e+05 1.560033e+05 7.347773e+04 4.715190e+05 4.282394e+05 2.140704e+05 6.442026e+05
 2.656005e+04 -1.137237e+05 1.669591e+05 -4.444757e+05 -2.737887e+05 2.427547e+05 -9.947562e+04 -8.679570e+03 -4.579280e+05 -5.898578e+05
 -3.374988e+05 8.509633e+05 -8.246708e+05 3.666231e+04 -7.974186e+05 5.683719e+05 -2.203497e+05 -9.657379e+05 -2.877574e+05 -4.713531e+05
 -2.613865e+05 4.065413e+05 -3.203720e+05 -1.346951e+05 -1.042781e+05 2.823235e+05 -1.115876e+06 1.932805e+04 4.409022e+04 1.049602e+05
 -3.025001e+05 -7.869600e+04 3.270681e+04 -4.244172e+05 1.341500e+05 -1.090916e+05 5.615602e+05 9.252182e+04 1.151485e+06 2.777047e+05
 -1.332942e+05 3.968948e+04 -4.204019e+05 5.149406e+05 -2.887147e+04 1.652782e+06 9.027466e+05 -2.126375e+04 -2.685502e+03 7.562678e+05
 1.129328e+06 9.076129e+05 7.847539e+04 3.417531e+05 -1.025406e+05 -5.219607e+05 1.256209e+05 -3.848192e+05 9.582912e+05 -8.022438e+05
 -2.306038e+04 -2.428946e+05 -3.720842e+05 2.407968e+05 -8.130076e+05 -4.844680e+05 -1.201190e+06 -1.196874e+05 -1.277907e+04 1.329729e+06
 1.088566e+06 4.634733e+05 -8.636142e+05 8.387696e+05 -1.853976e+05 1.482148e+05 -1.426903e+05 6.296198e+04 6.842803e+05 -8.952048e+04
 3.681087e+05 7.661351e+05 -6.231391e+05 -5.639292e+05 5.002844e+04 -4.879830e+05 5.490991e+05 1.679055e+06 -3.646623e+05 5.555783e+05
 -3.076643e+05 3.920628e+05 -3.909128e+05 4.631511e+05 -6.927217e+05 7.381758e+05 1.298242e+06 -1.109950e+06 9.288162e+04 4.049647e+05
 -4.181744e+05 5.927261e+05 -3.252772e+05 -1.259730e+06 -1.353465e+06 3.698196e+05 -1.291166e+06 -5.833008e+05 -1.721585e+04 -6.247624e+05
 -1.862649e+05 2.615272e+05 -8.357153e+04 1.502754e+05 -1.304266e+05 2.370385e+05 6.813848e+05 1.428763e+06 2.002085e+06 -1.974094e+05
 1.306685e+05 1.269765e+06 1.267255e+06 3.571100e+05 -1.317379e+06 4.686596e+05 -8.268581e+05 6.295401e+05
 0.000000e+00 0.000000e+00 0.000000e+00 0.000000e+00 0.000000e+00 0.000000e+00 0.000000e+00 0.000000e+00 0.000000e+00 0.000000e+00
 0.000000e+00 0.000000e+00 0.000000e+00 0.000000e+00 0.000000e+00 0.000000e+00 0.000000e+00 0.000000e+00 0.000000e+00 0.000000e+00
 0.000000e+00 0.000000e+00 0.000000e+00 0.000000e+00 0.000000e+00 0.000000e+00 0.000000e+00 0.000000e+00 0.000000e+00 0.000000e+00
 0.000000e+00 0.000000e+00 0.000000e+00 0.000000e+00 0.000000e+00 0.000000e+00 0.000000e+00 0.000000e+00 0.000000e+00 0.000000e+00
 0.000000e+00 0.000000e+00 0.000000e+00 0.000000e+00 0.000000e+00 0.000000e+00 0.000000e+00 0.000000e+00 0.000000e+00 0.000000e+00
 0.000000e+00 0.000000e+00 0.000000e+00 0.000000e+00 0.000000e+00 0.000000e+00 0.000000e+00 0.000000e+00 0.000000e+00 0.000000e+00
 0.000000e+00 0.000000e+00 0.000000e+00 0.000000e+00 0.000000e+00 0.000000e+00 0.000000e+00 0.000000e+00 0.000000e+00 0.000000e+00
 0.000000e+00 0.000000e+00 0.000000e+00 0.000000e+00 0.000000e+00 0.000000e+00 0.000000e+00 0.000000e+00 0.000000e+00 0.000000e+00
 0.000000e+00 0.000000e+00 0.000000e+00 0.000000e+00 0.000000e+00 0.000000e+00 0.000000e+00 0.000000e+00 0.000000e+00 0.000000e+00
 0.000000e+00 0.000000e+00 0.000000e+00 0.000000e+00 0.000000e+00 0.000000e+00 0.000000e+00 0.000000e+00 0.000000e+00 0.000000e+00
 0.000000e+00 0.000000e+00 0.000000e+00 0.000000e+00 0.000000e+00 0.000000e+00 0.000000e+00 0.000000e+00 0.000000e+00 0.000000e+00
 0.000000e+00 0.000000e+00 0.000000e+00 0.000000e+00 0.000000e+00 0.000000e+00 0.000000e+00 0.000000e+00 0.000000e+00 0.000000e+00
 0.000000e+00 0.000000e+00 0.000000e+00 0.000000e+00 0.000000e+00 0.000000e+00 0.000000e+00 0.000000e+00 0.000000e+00 0.000000e+00
 0.000000e+00 0.000000e+00 0.000000e+00 0.000000e+00 0.000000e+00 0.000000e+00 0.000000e+00 0.000000e+00 0.000000e+00 0.000000e+00
 0.000000e+00 0.000000e+00 0.000000e+00 0.000000e+00 0.000000e+00 0.000000e+00 0.000000e+00 0.000000e+00 0.000000e+00 0.000000e+00
 0.000000e+00 0.000000e+00 0.000000e+00 0.000000e+00 0.000000e+00 0.000000e+00 0.000000e+00 0.000000e+00 0.000000e+00 0.000000e+00
 0.000000e+00 0.000000e+00 0.000000e+00 0.000000e+00 0.000000e+00 0.000000e+00 0.000000e+00 0.000000e+00 0.000000e+00 0.000000e+00
 0.000000e+00 0.000000e+00 0.000000e+00 0.000000e+00 0.000000e+00 0.000000e+00 0.000000e+00 0.000000e+00 0.000000e+00 0.000000e+00
 0.000000e+00 0.000000e+00 0.000000e+00 0.000000e+00 0.000000e+00 0.000000e+00 0.000000e+00 0.000000e+00 0.000000e+00 0.000000e+00
 0.000000e+00 0.000000e+00 0.000000e+00 0.000000e+00 0.000000e+00 0.000000e+00 0.000000e+00 0.000000e+00 0.000000e+00 0.000000e+00
 0.000000e+00 0.000000e+00 0.000000e+00 0.000000e+00 0.000000e+00 0.000000e+00 0.000000e+00 0.000000e+00 0.000000e+00 0.000000e+00
 0.000000e+00 0.000000e+00 0.000000e+00 0.000000e+00 0.000000e+00 0.000000e+00 0.000000e+00 0.000000e+00 0.000000e+00 0.000000e+00
 0.000000e+00 0.000000e+00 0.000000e+00 0.000000e+00 0.000000e+00 0.000000e+00 0.000000e+00 0.000000e+00 0.000000e+00 0.000000e+00
 0.000000e+00 0.000000e+00 0.000000e+00 0.000000e+00 0.000000e+00 0.000000e+00 0.000000e+00 0.000000e+00 0.000000e+00 0.000000e+00
 0.000000e+00 0.000000e+00 0.000000e+00 0.000000e+00 0.000000e+00 0.000000e+00 0.000000e+00 0.000000e+00 0.000000e+00 0.000000e+00
 0.000000e+00 0.000000e+00 0.000000e+00 0.000000e+00 0.000000e+00 0.000000e+00 0.000000e+00 0.000000e+00 0.000000e+00 0.000000e+00
 0.000000e+00 0.000000e+00 0.000000e+00 0.000000e+00 0.000000e+00 0.000000e+00 0.000000e+00 0.000000e+00 0.000000e+00 0.000000e+00
 0.000000e+00 0.000000e+00 0.000000e+00 0.000000e+00 0.000000e+00 0.000000e+00 0.000000e+00 0.000000e+00 0.000000e+00 0.000000e+00
 0.000000e+00 0.000000e+00 0.000000e+00 0.000000e+00 0.000000e+00 0.000000e+00 0.000000e+00 0.000000e+00
