# version 1
# minfreq 27.500000
# minnote 9.000000
# nfreqs 288
# tonesteps 3
441 0.010000 1.079492e+07
 -2.090966e+05 1.907096e+05 1.302505e+05 -3.479014e+04 4.842293e+04 1.602863e+05 3.657061e+04 1.434129e+05 2.362605e+05 -3.892350e+04
 -3.297955e+04 5.332295e+04 -1.256090e+05 8.453886e+04 -3.322549e+04 3.151564e+04 1.220882e+04 3.767371e+03 5.747538e+04 -1.803711e+03
 3.317317e+04 1.731686e+05 1.609896e+05 -1.009032e+05 1.074224e+05 -8.990017e+04 1.177620e+05 6.069451e+04 1.840788e+05 -3.159996e+04
 1.153675e+05 1.051722e+05 6.610889e+04 2.483316e+04 -8.274212e+04 -3.439170e+04 7.764741e+04 -1.393019e+05 -3.417700e+04 1.960115e+05
 7.296611e+04 1.914601e+05 3.849867e+04 1.497237e+05 1.791481e+05 1.639374e+05 1.586478e+04 3.420171e+04 2.869558e+05 7.623049e+04
 2.462343e+05 1.717626e+04 -1.433876e+04 -7.472336e+04 -1.825634e+05 -1.245543e+05 2.438352e+05 -6.762184e+04 1.811567e+05 1.061947e+05
 1.666106e+05 1.866597e+05 2.325264e+04 8.092364e+04 5.514786e+04 -1.033926e+05 9.414557e+04 2.749993e+05 -8.693180e+04 4.768331e+05
 -8.847923e+03 3.829394e+04 2.202926e+05 1.383136e+05 1.245381e+05 -1.511199e+05 -1.952227e+04 -3.027058e+04 -1.481124e+05 -2.025406e+04
 2.127796e+05 -1.686494e+05 -1.593564e+05 -5.790742e+03 1.263279e+05 -1.274942e+05 2.969363e+04 -9.350880e+04 -3.181215e+05 -1.057932e+05
 1.243558e+05 4.398271e+05 3.591961e+05 -1.943602e+05 -1.117185e+05 -2.073419e+05 1.542890e+05 -8.097599e+04 2.042619e+05 -3.043847e+04
 1.924288e+05 -1.926118e+05 1.756058e+05 1.985899e+05 -2.809103e+04 3.777385e+05 3.957259e+04 1.684091e+05 3.885449e+05 -2.285376e+05
 -6.247658e+05 5.822224e+04 2.157168e+04 5.019440e+05 5.118571e+05 -2.266307e+05 1.920942e+05 2.498413e+05 5.154287e+04 4.035497e+05
 1.028653e+06 5.619801e+05 3.165703e+05 6.076994e+04 5.822195e+05 1.279369e+05 5.964399e+05 3.059191e+05 3.753253e+05 1.294150e+04
 8.463112e+05 1.543578e+05 1.694086e+04 7.307890e+05 7.007666e+05 8.183607e+05 1.620543e+06 2.238010e+06 2.545642e+06 3.374565e+06
 5.287481e+06 5.539580e+06 5.681525e+06 6.784657e+06 6.503819e+06 6.309078e+06 6.493944e+06 5.299914e+06 4.385171e+06 3.695258e+06
 2.175399e+06 1.266766e+06 1.438481e+06 -2.406377e+05 1.560033e+05 7.347773e+04 4.715190e+05 4.282394e+05 2.140704e+05 6.442026e+05
 2.656005e+04 -1.137237e+05 1.669591e+05 -4.444757e+05 -2.737887e+05 2.427547e+05 -9.947562e+04 -8.679570e+03 -4.579280e+05 -5.898578e+05
 -3.374988e+05 8.509633e+05 -8.246708e+05 3.666231e+04 -7.974186e+05 5.683719e+05 -2.203497e+05 -9.657379e+05 -2.877574e+05 -4.713531e+05
 -2.613865e+05 4.065413e+05 -3.203720e+05 -1.346951e+05 -1.042781e+05 2.823235e+05 -1.115876e+06 1.932805e+04 4.409022e+04 1.049602e+05
 -3.025001e+05 -7.869600e+04 3.270681e+04 -4.244172e+05 1.341500e+05 -1.090916e+05 5.615602e+05 9.252182e+04 1.151485e+06 2.777047e+05
 -1.332942e+05 3.968948e+04 -4.204019e+05 5.149406e+05 -2.887147e+04 1.652782e+06 9.027466e+05 -2.126375e+04 -2.685502e+03 7.562678e+05
 1.129328e+06 9.076129e+05 7.847539e+04 3.417531e+05 -1.025406e+05 -5.219607e+05 1.256209e+05 -3.848192e+05 9.582912e+05 -8.022438e+05
 -2.306038e+04 -2.428946e+05 -3.720842e+05 2.407968e+05 -8.130076e+05 -4.844680e+05 -1.201190e+06 -1.196874e+05 -1.277907e+04 1.329729e+06
 1.088566e+06 4.634733e+05 -8.636142e+05 8.387696e+05 -1.853976e+05 1.482148e+05 -1.426903e+05 6.296198e+04 6.842803e+05 -8.952048e+04
 3.681087e+05 7.661351e+05 -6.231391e+05 -5.639292e+05 5.002844e+04 -4.879830e+05 5.490991e+05 1.679055e+06 -3.646623e+05 5.555783e+05
 -3.076643e+05 3.920628e+05 -3.909128e+05 4.631511e+05 -6.927217e+05 7.381758e+05 1.298242e+06 -1.109950e+06 9.288162e+04 4.049647e+05
 -4.181744e+05 5.927261e+05 -3.252772e+05 -1.259730e+06 -1.353465e+06 3.698196e+05 -1.291166e+06 -5.833008e+05 -1.721585e+04 -6.247624e+05
 -1.862649e+05 2.615272e+05 -8.357153e+04 1.502754e+05 -1.304266e+05 2.370385e+05 6.813848e+05 1.428763e+06 2.002085e+06 -1.974094e+05
 1.306685e+05 1.269765e+06 1.267255e+06 3.571100e+05 -1.317379e+06 4.686596e+05 -8.268581e+05 6.295401e+05
 0.000000e+00 0.000000e+00 0.000000e+00 0.000000e+00 0.000000e+00 0.000000e+00 0.000000e+00 0.000000e+00 0.000000e+00 0.000000e+00
 0.000000e+00 0.000000e+00 0.000000e+00 0.000000e+00 0.000000e+00 0.000000e+00 0.000000e+00 0.000000e+00 0.000000e+00 0.000000e+00
 0.000000e+00 0.000000e+00 0.000000e+00 0.000000e+00 0.000000e+00 0.000000e+00 0.000000e+00 0.000000e+00 0.000000e+00 0.000000e+00
 0.000000e+00 0.000000e+00 0.000000e+00 0.000000e+00 0.000000e+00 0.000000e+00 0.000000e+00 0.000000e+00 0.000000e+00 0.000000e+00
 0.000000e+00 0.000000e+00 0.000000e+00 0.000000e+00 0.000000e+00 0.000000e+00 0.000000e+00 0.000000e+00 0.000000e+00 0.000000e+00
 0.000000e+00 0.000000e+00 0.000000e+00 0.000000e+00 0.000000e+00 0.000000e+00 0.000000e+00 0.000000e+00 0.000000e+00 0.000000e+00
 0.000000e+00 0.000000e+00 0.000000e+00 0.000000e+00 0.000000e+00 0.000000e+00 0.000000e+00 0.000000e+00 0.000000e+00 0.000000e+00
 0.000000e+00 0.000000e+00 0.000000e+00 0.000000e+00 0.000000e+00 0.000000e+00 0.000000e+00 0.000000e+00 0.000000e+00 0.000000e+00
 0.000000e+00 0.000000e+00 0.000000e+00 0.000000e+00 0.000000e+00 0.000000e+00 0.000000e+00 0.000000e+00 0.000000e+00 0.000000e+00
 0.000000e+00 0.000000e+00 0.000000e+00 0.000000e+00 0.000000e+00 0.000000e+00 0.000000e+00 0.000000e+00 0.000000e+00 0.000000e+00
 0.000000e+00 0.000000e+00 0.000000e+00 0.000000e+00 0.000000e+00 0.000000e+00 0.000000e+00 0.000000e+00 0.000000e+00 0.000000e+00
 0.000000e+00 0.000000e+00 0.000000e+00 0.000000e+00 0.000000e+00 0.000000e+00 0.000000e+00 0.000000e+00 0.000000e+00 0.000000e+00
 0.000000e+00 0.000000e+00 0.000000e+00 0.000000e+00 0.000000e+00 0.000000e+00 0.000000e+00 0.000000e+00 0.000000e+00 0.000000e+00
 0.000000e+00 0.000000e+00 0.000000e+00 0.000000e+00 0.000000e+00 0.000000e+00 0.000000e+00 0.000000e+00 0.000000e+00 0.000000e+00
 0.000000e+00 0.000000e+00 0.000000e+00 0.000000e+00 0.000000e+00 0.000000e+00 0.000000e+00 0.000000e+00 0.000000e+00 0.000000e+00
 0.000000e+00 0.000000e+00 0.000000e+00 0.000000e+00 0.000000e+00 0.000000e+00 0.000000e+00 0.000000e+00 0.000000e+00 0.000000e+00
 0.000000e+00 0.000000e+00 0.000000e+00 0.000000e+00 0.000000e+00 0.000000e+00 0.000000e+00 0.000000e+00 0.000000e+00 0.000000e+00
 0.000000e+00 0.000000e+00 0.000000e+00 0.000000e+00 0.000000e+00 0.000000e+00 0.000000e+00 0.000000e+00 0.000000e+00 0.000000e+00
 0.000000e+00 0.000000e+00 0.000000e+00 0.000000e+00 0.000000e+00 0.000000e+00 0.000000e+00 0.000000e+00 0.000000e+00 0.000000e+00
 0.000000e+00 0.000000e+00 0.000000e+00 0.000000e+00 0.000000e+00 0.000000e+00 0.000000e+00 0.000000e+00 0.000000e+00 0.000000e+00
 0.000000e+00 0.000000e+00 0.000000e+00 0.000000e+00 0.000000e+00 0.000000e+00 0.000000e+00 0.000000e+00 0.000000e+00 0.000000e+00
 0.000000e+00 0.000000e+00 0.000000e+00 0.000000e+00 0.000000e+00 0.000000e+00 0.000000e+00 0.000000e+00 0.000000e+00 0.000000e+00
 0.000000e+00 0.000000e+00 0.000000e+00 0.000000e+00 0.000000e+00 0.000000e+00 0.000000e+00 0.000000e+00 0.000000e+00 0.000000e+00
 0.000000e+00 0.000000e+00 0.000000e+00 0.000000e+00 0.000000e+00 0.000000e+00 0.000000e+00 0.000000e+00 0.000000e+00 0.000000e+00
 0.000000e+00 0.000000e+00 0.000000e+00 0.000000e+00 0.000000e+00 0.000000e+00 0.000000e+00 0.000000e+00 0.000000e+00 0.000000e+00
 0.000000e+00 0.000000e+00 0.000000e+00 0.000000e+00 0.000000e+00 0.000000e+00 0.000000e+00 0.000000e+00 0.000000e+00 0.000000e+00
 0.000000e+00 0.000000e+00 0.000000e+00 0.000000e+00 0.000000e+00 0.000000e+00 0.000000e+00 0.000000e+00 0.000000e+00 0.000000e+00
 0.000000e+00 0.000000e+00 0.000000e+00 0.000000e+00 0.000000e+00 0.000000e+00 0.000000e+00 0.000000e+00 0.000000e+00 0.000000e+00
 0.000000e+00 0.000000e+00 0.000000e+00 0.000000e+00 0.000000e+00 0.000000e+00 0.000000e+00 0.000000e+00
882 0.020000 2.122561e+07
 7.669464e+04 2.817887e+05 -2.732633e+04 -5.217180e+04 1.103344e+05 1.809579e+05 -1.394215e+05 2.562507e+05 -1.349515e+02 1.812292e+03
 -7.651481e+04 2.896456e+05 3.777310e+04 1.734218e+05 7.062453e+04 2.337715e+05 2.179297e+05 -6.050856e+04 1.913275e+05 -3.656365e+04
 -1.084416e+04 1.636248e+05 1.273079e+05 -3.163105e+05 -3.006305e+05 3.438646e+05 -4.280391e+05 3.984020e+05 3.635591e+05 -6.998468e+04
 1.381589e+05 1.378289e+05 -1.489450e+05 -1.444302e+05 6.792824e+04 4.004638e+04 2.589997e+05 -6.005522e+05 -7.043498e+04 2.423922e+05
 1.804746e+05 6.760323e+04 3.547749e+04 -3.328245e+05 3.527323e+05 -1.272943e+04 8.219283e+04 -3.952594e+05 4.580506e+05 1.288382e+05
 -4.185542e+04 -5.909724e+04 4.003878e+05 -3.491587e+05 2.801717e+04 -4.566474e+05 1.601177e+05 6.681457e+04 -2.644091e+05 1.165723e+05
 1.666377e+05 -1.510890e+05 4.290645e+05 4.811680e+04 3.833087e+05 -2.308274e+05 -1.337720e+05 3.519643e+05 -3.152411e+05 8.070545e+05
 8.849910e+02 -3.477496e+04 7.512529e+05 1.670545e+05 1.760949e+05 -7.120069e+04 2.337883e+05 -4.124600e+05 1.764450e+05 1.063028e+05
 3.101985e+05 1.620190e+05 -3.551405e+05 -6.148545e+05 5.371229e+04 -3.725374e+05 1.987342e+05 -1.504803e+05 1.732844e+05 -4.947959e+05
 4.739566e+05 9.827786e+05 -2.106278e+05 -7.160916e+04 -3.089570e+05 5.722916e+05 2.513677e+05 9.481521e+05 4.997334e+05 1.486892e+05
 -1.748720e+05 -2.663234e+05 -2.727656e+05 7.501393e+05 5.475946e+05 1.385641e+06 3.637911e+05 3.786564e+05 5.951146e+05 4.287353e+05
 -4.462699e+05 5.739723e+05 3.516349e+05 5.302409e+05 1.586089e+05 1.837011e+05 -6.386538e+05 8.232335e+05 2.418413e+05 -1.048645e+05
 6.274325e+05 3.696322e+05 4.448285e+05 -1.874383e+05 4.510929e+05 4.715211e+05 3.741291e+05 4.678437e+05 2.389260e+05 4.896280e+05
 8.132904e+05 1.055773e+04 -7.091496e+05 1.744773e+06 7.663663e+05 1.546429e+06 8.076787e+05 1.152326e+06 4.039927e+05 2.278522e+06
 6.214263e+06 1.037047e+07 1.681655e+07 2.198881e+07 2.282828e+07 2.163810e+07 1.744484e+07 9.832736e+06 4.115965e+06 1.865221e+06
 1.195980e+06 1.105141e+06 7.584319e+05 1.524622e+06 3.288394e+05 3.646298e+05 4.820737e+05 -1.181732e+05 4.548639e+05 6.176762e+05
 -4.372636e+05 6.675484e+05 9.224521e+05 5.167215e+05 -2.956173e+05 8.260101e+04 -3.511039e+05 3.575123e+05 -2.639800e+05 1.283311e+05
 9.150504e+04 5.790825e+05 -3.306743e+05 1.059956e+06 -4.671496e+05 9.948141e+04 7.937465e+05 -5.587968e+05 3.158117e+05 -4.188719e+04
 8.992877e+04 -6.430247e+04 8.875129e+05 -2.122493e+06 1.660661e+06 3.401416e+05 -1.213824e+06 6.285716e+05 -4.869082e+04 9.777066e+05
 3.262801e+05 -2.957018e+05 8.304842e+05 5.807825e+05 1.065999e+06 4.659048e+04 9.673716e+05 4.650364e+05 1.367535e+06 4.684555e+05
 -3.499394e+05 6.186795e+05 -6.176845e+05 -5.255088e+04 -9.664547e+05 2.481936e+06 -8.957365e+05 8.742830e+05 1.097751e+05 2.467857e+06
 1.036518e+06 -7.843499e+05 2.777896e+05 3.679842e+05 1.618224e+05 -7.990622e+05 1.021779e+06 1.280125e+05 4.927385e+05 -8.294663e+05
 1.378524e+06 7.051038e+05 -1.060830e+06 5.105970e+05 -7.045228e+05 -3.727401e+05 -2.016673e+05 -7.644636e+05 -6.350685e+05 1.474080e+06
 1.091996e+06 4.311507e+05 -1.285831e+06 1.398301e+06 -4.480208e+05 2.726831e+05 1.245966e+06 2.374366e+06 1.512934e+06 -1.195368e+06
 5.181865e+04 1.753947e+06 -2.912008e+04 -2.930490e+05 -4.478496e+05 5.499645e+05 1.614535e+06 2.486015e+06 -1.242713e+06 -9.443793e+05
 -1.529476e+06 2.050806e+05 -8.254080e+05 -5.364684e+05 -5.688387e+05 1.574329e+06 1.240029e+04 -1.937367e+06 -4.684498e+04 1.973610e+05
 -7.654786e+05 5.690983e+05 7.835690e+05 -8.336082e+05 -2.271301e+06 -7.017745e+05 -2.165852e+06 1.065352e+06 -5.980702e+05 -2.372628e+06
 6.701711e+05 2.706854e+05 -8.609558e+05 -5.545257e+05 -1.399639e+05 6.066185e+04 1.143377e+06 1.624646e+06 1.854648e+06 -4.462936e+05
 1.656977e+06 9.244798e+05 2.197217e+06 -7.053486e+05 -1.463746e+06 3.781410e+05 -9.434178e+05 9.550414e+05
 0.000000e+00 0.000000e+00 0.000000e+00 0.000000e+00 0.000000e+00 0.000000e+00 0.000000e+00 0.000000e+00 0.000000e+00 0.000000e+00
 0.000000e+00 0.000000e+00 0.000000e+00 0.000000e+00 0.000000e+00 0.000000e+00 0.000000e+00 0.000000e+00 0.000000e+00 0.000000e+00
 0.000000e+00 0.000000e+00 0.000000e+00 0.000000e+00 0.000000e+00 0.000000e+00 0.000000e+00 0.000000e+00 0.000000e+00 0.000000e+00
 0.000000e+00 0.000000e+00 0.000000e+00 0.000000e+00 0.000000e+00 0.000000e+00 0.000000e+00 0.000000e+00 0.000000e+00 0.000000e+00
 0.000000e+00 0.000000e+00 0.000000e+00 0.000000e+00 0.000000e+00 0.000000e+00 0.000000e+00 0.000000e+00 0.000000e+00 0.000000e+00
 0.000000e+00 0.000000e+00 0.000000e+00 0.000000e+00 0.000000e+00 0.000000e+00 0.000000e+00 0.000000e+00 0.000000e+00 0.000000e+00
 0.000000e+00 0.000000e+00 0.000000e+00 0.000000e+00 0.000000e+00 0.000000e+00 0.000000e+00 0.000000e+00 0.000000e+00 0.000000e+00
 0.000000e+00 0.000000e+00 0.000000e+00 0.000000e+00 0.000000e+00 0.000000e+00 0.000000e+00 0.000000e+00 0.000000e+00 0.000000e+00
 0.000000e+00 0.000000e+00 0.000000e+00 0.000000e+00 0.000000e+00 0.000000e+00 0.000000e+00 0.000000e+00 0.000000e+00 0.000000e+00
 0.000000e+00 0.000000e+00 0.000000e+00 0.000000e+00 0.000000e+00 0.000000e+00 0.000000e+00 0.000000e+00 0.000000e+00 0.000000e+00
 0.000000e+00 0.000000e+00 0.000000e+00 0.000000e+00 0.000000e+00 0.000000e+00 0.000000e+00 0.000000e+00 0.000000e+00 0.000000e+00
 0.000000e+00 0.000000e+00 0.000000e+00 0.000000e+00 0.000000e+00 0.000000e+00 0.000000e+00 0.000000e+00 0.000000e+00 0.000000e+00
 0.000000e+00 0.000000e+00 0.000000e+00 0.000000e+00 0.000000e+00 0.000000e+00 0.000000e+00 0.000000e+00 0.000000e+00 0.000000e+00
 0.000000e+00 0.000000e+00 0.000000e+00 0.000000e+00 0.000000e+00 0.000000e+00 0.000000e+00 0.000000e+00 0.000000e+00 0.000000e+00
 0.000000e+00 0.000000e+00 0.000000e+00 0.000000e+00 0.000000e+00 0.000000e+00 0.000000e+00 0.000000e+00 0.000000e+00 0.000000e+00
 0.000000e+00 0.000000e+00 0.000000e+00 0.000000e+00 0.000000e+00 0.000000e+00 0.000000e+00 0.000000e+00 0.000000e+00 0.000000e+00
 0.000000e+00 0.000000e+00 0.000000e+00 0.000000e+00 0.000000e+00 0.000000e+00 0.000000e+00 0.000000e+00 0.000000e+00 0.000000e+00
 0.000000e+00 0.000000e+00 0.000000e+00 0.000000e+00 0.000000e+00 0.000000e+00 0.000000e+00 0.000000e+00 0.000000e+00 0.000000e+00
 0.000000e+00 0.000000e+00 0.000000e+00 0.000000e+00 0.000000e+00 0.000000e+00 0.000000e+00 0.000000e+00 0.000000e+00 0.000000e+00
 0.000000e+00 0.000000e+00 0.000000e+00 0.000000e+00 0.000000e+00 0.000000e+00 0.000000e+00 0.000000e+00 0.000000e+00 0.000000e+00
 0.000000e+00 0.000000e+00 0.000000e+00 0.000000e+00 0.000000e+00 0.000000e+00 0.000000e+00 0.000000e+00 0.000000e+00 0.000000e+00
 0.000000e+00 0.000000e+00 0.000000e+00 0.000000e+00 0.000000e+00 0.000000e+00 0.000000e+00 0.000000e+00 0.000000e+00 0.000000e+00
 0.000000e+00 0.000000e+00 0.000000e+00 0.000000e+00 0.000000e+00 0.000000e+00 0.000000e+00 0.000000e+00 0.000000e+00 0.000000e+00
 0.000000e+00 0.000000e+00 0.000000e+00 0.000000e+00 0.000000e+00 0.000000e+00 0.000000e+00 0.000000e+00 0.000000e+00 0.000000e+00
 0.000000e+00 0.000000e+00 0.000000e+00 0.000000e+00 0.000000e+00 0.000000e+00 0.000000e+00 0.000000e+00 0.000000e+00 0.000000e+00
 0.000000e+00 0.000000e+00 0.000000e+00 0.000000e+00 0.000000e+00 0.000000e+00 0.000000e+00 0.000000e+00 0.000000e+00 0.000000e+00
 0.000000e+00 0.000000e+00 0.000000e+00 0.000000e+00 0.000000e+00 0.000000e+00 0.000000e+00 0.000000e+00 0.000000e+00 0.000000e+00
 0.000000e+00 0.000000e+00 0.000000e+00 0.000000e+00 0.000000e+00 0.000000e+00 0.000000e+00 0.000000e+00 0.000000e+00 0.000000e+00
 0.000000e+00 0.000000e+00 0.000000e+00 0.000000e+00 0.000000e+00 0.000000e+00 0.000000e+00 0.000000e+00
1323 0.030000 3.140867e+07
 2.048002e+05 1.837494e+05 8.486215e+04 -2.568264e+05 6.258066e+03 -1.308734e+04 1.428357e+05 3.430285e+05 -1.262855e+05 -1.109643e+05
 7.718168e+04 1.748437e+05 1.501513e+05 1.433344e+05 -4.292360e+05 -8.667719e+04 -1.311380e+05 -1.983782e+05 -1.351469e+04 4.267338e+05
 -1.500910e+05 1.349905e+05 3.351284e+04 3.236014e+05 3.217871e+05 9.144324e+05 -1.153655e+05 7.760566e+05 2.937603e+05 1.619384e+05
 -2.102717e+04 6.645116e+04 1.290538e+05 -3.628368e+05 1.558047e+05 3.989314e+05 6.858851e+05 -6.913227e+05 4.077588e+05 2.068420e+05
 1.350791e+05 2.293717e+05 2.563893e+05 -3.849905e+05 3.781866e+05 -1.439391e+05 4.293509e+05 -6.084757e+05 2.881334e+05 9.780515e+04
 2.494850e+05 -2.881883e+05 -2.206519e+05 -3.576880e+05 -6.902772e+04 -5.329756e+05 4.173939e+05 2.531882e+05 -5.977724e+05 2.529154e+05
 -1.241785e+05 3.455561e+05 2.157258e+05 -3.337033e+05 5.858628e+05 -9.855879e+04 4.188103e+05 5.074521e+05 -6.580083e+05 5.810972e+05
 -2.543761e+04 1.878064e+05 6.708522e+05 3.491661e+05 7.739802e+05 2.470156e+04 3.267530e+05 -4.123690e+05 -2.317204e+05 -7.179024e+04
 5.950006e+05 -2.671432e+05 -8.133356e+05 -2.684822e+05 3.683380e+05 -6.233065e+04 -3.144857e+05 -7.316669e+04 9.567927e+05 -2.392476e+05
 8.173202e+05 9.695837e+05 -8.016730e+04 -1.238657e+05 -7.781983e+05 4.276871e+05 7.293759e+05 1.170714e+06 -2.554307e+04 2.445150e+05
 4.809510e+05 -8.039053e+04 -3.319292e+05 6.446279e+05 2.424356e+05 2.359388e+06 1.613230e+05 3.841707e+05 5.445854e+05 1.095527e+05
 -4.441493e+05 4.154179e+04 2.961818e+05 1.463275e+06 -1.061100e+04 5.702408e+05 -7.003167e+05 1.708342e+06 9.362407e+05 -3.593447e+05
 1.147243e+06 4.108231e+05 1.378836e+06 5.516805e+05 -4.539757e+03 7.275085e+04 4.363126e+05 1.854310e+06 -3.650831e+05 5.834914e+05
 3.437412e+05 -6.481584e+05 -2.274533e+05 1.654741e+06 1.866517e+05 1.548548e+06 -5.241215e+04 2.042756e+06 7.523554e+05 2.116383e+06
 4.295516e+06 8.938194e+06 2.269975e+07 3.964924e+07 4.617953e+07 3.912846e+07 2.213989e+07 8.537776e+06 3.121381e+06 3.606457e+06
 2.048123e+06 2.117891e+06 -5.628964e+05 1.561309e+06 7.701011e+05 9.036853e+05 1.548551e+06 -6.592218e+05 1.008883e+06 1.342536e+06
 -9.305424e+05 7.721790e+05 3.676533e+05 9.357874e+05 7.498599e+05 -1.614907e+05 -2.938278e+05 1.232536e+06 -9.675141e+05 -1.623223e+06
 1.067802e+06 -4.163875e+05 2.011860e+04 5.724172e+05 -8.533882e+04 -1.012616e+06 -4.528195e+05 -4.888223e+05 7.058335e+04 -5.214758e+05
 8.038411e+05 -9.627907e+05 2.683373e+05 -1.528271e+06 8.041616e+05 -2.226227e+05 -2.900522e+06 6.199018e+05 -7.755361e+05 -3.767806e+05
 1.160377e+06 1.138596e+06 1.880015e+06 9.538840e+05 1.322072e+06 -4.877003e+05 2.194989e+06 6.305418e+05 1.086907e+06 4.230518e+05
 -1.366206e+06 1.080435e+06 -9.609716e+05 -5.893981e+05 -1.077653e+06 2.561124e+06 1.193410e+05 4.138038e+05 -1.042974e+06 2.138855e+06
 8.760317e+05 -1.466083e+05 6.317859e+05 8.366632e+05 1.388763e+05 -5.166457e+05 1.104261e+06 1.065909e+06 1.645928e+04 -6.045248e+05
 1.988808e+06 4.302335e+05 -1.027059e+06 6.531209e+05 -1.465437e+06 3.664427e+05 -2.461595e+05 -9.791910e+05 -8.464837e+05 2.032337e+06
 1.870138e+06 -5.006463e+05 -3.165318e+06 1.563456e+06 -1.922681e+06 1.442745e+06 5.141255e+05 1.873072e+06 2.471271e+06 -2.190818e+06
 -3.425623e+04 1.712823e+06 -2.185940e+05 -2.299101e+05 -4.715015e+05 4.393053e+05 1.413333e+06 3.050592e+06 -2.103115e+06 -2.179053e+06
 -5.951593e+05 3.953056e+05 -7.151944e+05 -5.024886e+05 -8.510701e+05 8.656677e+05 8.757804e+05 -2.286360e+06 -1.412060e+06 1.144674e+05
 -6.590044e+05 1.371667e+06 2.349292e+05 1.701272e+05 -1.287797e+06 -2.748197e+06 -1.935819e+06 -1.019837e+06 -1.795397e+05 -2.985467e+06
 1.415538e+06 -5.131152e+05 -1.123621e+06 -2.659794e+05 2.858084e+06 2.805114e+05 1.564924e+06 1.633864e+06 1.947885e+05 -1.132076e+05
 1.942311e+06 1.074141e+06 1.987980e+06 -1.023224e+06 -8.911391e+05 1.666863e+05 -1.812041e+06 -1.778871e+04
 0.000000e+00 0.000000e+00 0.000000e+00 0.000000e+00 0.000000e+00 0.000000e+00 0.000000e+00 0.000000e+00 0.000000e+00 0.000000e+00
 0.000000e+00 0.000000e+00 0.000000e+00 0.000000e+00 0.000000e+00 0.000000e+00 0.000000e+00 0.000000e+00 0.000000e+00 0.000000e+00
 0.000000e+00 0.000000e+00 0.000000e+00 0.000000e+00 0.000000e+00 0.000000e+00 0.000000e+00 0.000000e+00 0.000000e+00 0.000000e+00
 0.000000e+00 0.000000e+00 0.000000e+00 0.000000e+00 0.000000e+00 0.000000e+00 0.000000e+00 0.000000e+00 0.000000e+00 0.000000e+00
 0.000000e+00 0.000000e+00 0.000000e+00 0.000000e+00 0.000000e+00 0.000000e+00 0.000000e+00 0.000000e+00 0.000000e+00 0.000000e+00
 0.000000e+00 0.000000e+00 0.000000e+00 0.000000e+00 0.000000e+00 0.000000e+00 0.000000e+00 0.000000e+00 0.000000e+00 0.000000e+00
 0.000000e+00 0.000000e+00 0.000000e+00 0.000000e+00 0.000000e+00 0.000000e+00 0.000000e+00 0.000000e+00 0.000000e+00 0.000000e+00
 0.000000e+00 0.000000e+00 0.000000e+00 0.000000e+00 0.000000e+00 0.000000e+00 0.000000e+00 0.000000e+00 0.000000e+00 0.000000e+00
 0.000000e+00 0.000000e+00 0.000000e+00 0.000000e+00 0.000000e+00 0.000000e+00 0.000000e+00 0.000000e+00 0.000000e+00 0.000000e+00
 0.000000e+00 0.000000e+00 0.000000e+00 0.000000e+00 0.000000e+00 0.000000e+00 0.000000e+00 0.000000e+00 0.000000e+00 0.000000e+00
 0.000000e+00 0.000000e+00 0.000000e+00 0.000000e+00 0.000000e+00 0.000000e+00 0.000000e+00 0.000000e+00 0.000000e+00 0.000000e+00
 0.000000e+00 0.000000e+00 0.000000e+00 0.000000e+00 0.000000e+00 0.000000e+00 0.000000e+00 0.000000e+00 0.000000e+00 0.000000e+00
 0.000000e+00 0.000000e+00 0.000000e+00 0.000000e+00 0.000000e+00 0.000000e+00 0.000000e+00 0.000000e+00 0.000000e+00 0.000000e+00
 0.000000e+00 0.000000e+00 0.000000e+00 0.000000e+00 0.000000e+00 0.000000e+00 0.000000e+00 0.000000e+00 0.000000e+00 0.000000e+00
 0.000000e+00 0.000000e+00 0.000000e+00 0.000000e+00 0.000000e+00 0.000000e+00 0.000000e+00 0.000000e+00 0.000000e+00 0.000000e+00
 0.000000e+00 0.000000e+00 0.000000e+00 0.000000e+00 0.000000e+00 0.000000e+00 0.000000e+00 0.000000e+00 0.000000e+00 0.000000e+00
 0.000000e+00 0.000000e+00 0.000000e+00 0.000000e+00 0.000000e+00 0.000000e+00 0.000000e+00 0.000000e+00 0.000000e+00 0.000000e+00
 0.000000e+00 0.000000e+00 0.000000e+00 0.000000e+00 0.000000e+00 0.000000e+00 0.000000e+00 0.000000e+00 0.000000e+00 0.000000e+00
 0.000000e+00 0.000000e+00 0.000000e+00 0.000000e+00 0.000000e+00 0.000000e+00 0.000000e+00 0.000000e+00 0.000000e+00 0.000000e+00
 0.000000e+00 0.000000e+00 0.000000e+00 0.000000e+00 0.000000e+00 0.000000e+00 0.000000e+00 0.000000e+00 0.000000e+00 0.000000e+00
 0.000000e+00 0.000000e+00 0.000000e+00 0.000000e+00 0.000000e+00 0.000000e+00 0.000000e+00 0.000000e+00 0.000000e+00 0.000000e+00
 0.000000e+00 0.000000e+00 0.000000e+00 0.000000e+00 0.000000e+00 0.000000e+00 0.000000e+00 0.000000e+00 0.000000e+00 0.000000e+00
 0.000000e+00 0.000000e+00 0.000000e+00 0.000000e+00 0.000000e+00 0.000000e+00 0.000000e+00 0.000000e+00 0.000000e+00 0.000000e+00
 0.000000e+00 0.000000e+00 0.000000e+00 0.000000e+00 0.000000e+00 0.000000e+00 0.000000e+00 0.000000e+00 0.000000e+00 0.000000e+00
 0.000000e+00 0.000000e+00 0.000000e+00 0.000000e+00 0.000000e+00 0.000000e+00 0.000000e+00 0.000000e+00 0.000000e+00 0.000000e+00
 0.000000e+00 0.000000e+00 0.000000e+00 0.000000e+00 0.000000e+00 0.000000e+00 0.000000e+00 0.000000e+00 0.000000e+00 0.000000e+00
 0.000000e+00 0.000000e+00 0.000000e+00 0.000000e+00 0.000000e+00 0.000000e+00 0.000000e+00 0.000000e+00 0.000000e+00 0.000000e+00
 0.000000e+00 0.000000e+00 0.000000e+00 0.000000e+00 0.000000e+00 0.000000e+00 0.000000e+00 0.000000e+00 0.000000e+00 0.000000e+00
 0.000000e+00 0.000000e+00 0.000000e+00 0.000000e+00 0.000000e+00 0.000000e+00 0.000000e+00 0.000000e+00
1764 0.040000 4.165819e+07
 3.663212e+05 1.477439e+05 2.345947e+05 -1.995102e+05 1.354812e+05 -8.069808e+04 2.153541e+05 6.816419e+05 -9.777768e+04 -4.200839e+05
 2.507167e+05 3.536481e+05 4.558877e+05 1.679025e+05 -5.673478e+05 1.763427e+05 2.062290e+05 -1.179576e+05 -1.747392e+05 2.585922e+05
 -4.639981e+05 4.307103e+04 1.025460e+05 -2.206045e+04 1.931049e+04 1.446567e+06 -2.571961e+05 2.495206e+05 5.699378e+05 -3.840804e+05
 2.630379e+05 7.831419e+04 3.078484e+05 -4.295221e+05 -1.442486e+05 2.745879e+05 7.865752e+05 -1.007842e+06 7.768278e+05 3.285224e+05
 -8.465418e+04 1.818295e+05 6.920434e+04 3.052311e+05 3.881962e+05 -1.756866e+03 5.903896e+05 -6.942501e+05 3.792541e+04 5.954187e+05
 7.984077e+04 -4.147520e+05 -4.002044e+05 -6.680544e+05 -4.848078e+05 -6.824074e+05 -9.917769e+04 4.017850e+05 1.108864e+05 5.161391e+05
 -1.417012e+05 -2.687380e+05 -2.743611e+05 -4.057156e+05 1.254218e+06 -1.609067e+05 5.899526e+05 1.151470e+06 -6.356988e+05 1.038088e+06
 -1.426970e+05 8.381812e+05 4.562611e+05 6.926610e+05 4.219459e+05 -4.188437e+05 1.137395e+06 -5.739143e+05 -8.224879e+05 -6.190868e+05
 6.093826e+05 2.410713e+04 -9.298378e+05 -3.255135e+05 -5.826122e+04 6.271472e+05 -5.549059e+05 -1.801360e+04 8.996397e+05 -4.831772e+05
 1.280715e+06 8.410259e+05 2.374451e+05 -3.954538e+05 -2.496692e+05 3.007848e+05 7.268571e+05 1.318051e+06 -7.804451e+05 2.426008e+05
 1.231701e+06 -1.553381e+05 1.774937e+04 9.137245e+05 1.007652e+06 2.712372e+06 2.903090e+05 3.124021e+05 1.927111e+05 -1.073012e+05
 7.795538e+05 1.637337e+05 1.271574e+05 1.097594e+06 3.579172e+05 2.314937e+05 -6.464824e+05 2.491367e+06 3.247064e+05 -2.169047e+03
 8.236730e+05 1.630790e+05 1.261817e+06 -8.695624e+04 2.354238e+05 7.055471e+05 1.251876e+06 1.722295e+06 -4.014253e+05 8.575238e+05
 1.259620e+06 -8.479246e+05 3.575136e+05 2.252482e+06 -6.753259e+05 1.929172e+06 8.461010e+05 7.444723e+05 4.607582e+05 3.934947e+06
 6.458737e+06 6.902747e+06 2.302606e+07 5.596985e+07 7.110599e+07 5.441141e+07 2.060461e+07 9.188450e+06 5.059559e+06 3.435595e+06
 1.058441e+06 2.287609e+06 -2.398829e+05 3.076752e+05 1.530292e+05 -4.149290e+05 1.438352e+06 -1.108739e+06 7.332255e+05 7.180269e+04
 -1.727738e+06 1.833829e+06 7.701590e+05 1.509360e+06 4.222870e+05 -2.005763e+06 -2.247336e+05 1.163497e+06 -5.058071e+04 -7.675232e+05
 1.017993e+06 -6.247421e+05 1.152115e+06 1.885817e+05 -9.794708e+05 -1.327052e+05 -2.235973e+06 -1.208398e+06 -2.979171e+05 1.478850e+05
 2.185830e+06 -5.263229e+05 7.809003e+05 -2.495443e+06 1.426418e+06 -7.259106e+04 -1.996165e+06 -2.884948e+05 -1.986640e+06 5.747412e+05
 1.871773e+06 2.818522e+06 2.506850e+06 4.615282e+05 1.258517e+06 2.189689e+06 3.537755e+06 5.520791e+04 1.049096e+06 1.119202e+06
 -2.375683e+05 9.652109e+05 -4.711729e+05 -6.066731e+05 -1.396047e+06 2.730501e+06 1.709222e+05 -1.390982e+05 -2.153173e+06 2.996136e+05
 2.734130e+06 -4.452658e+05 2.412072e+05 1.732033e+06 1.448402e+05 -6.807248e+05 6.988064e+05 -2.978830e+05 1.602410e+05 -5.403139e+05
 2.546563e+06 1.471559e+06 -6.323688e+05 2.433540e+05 -6.786969e+05 1.690610e+05 8.943701e+04 3.873770e+05 6.917036e+05 2.817292e+06
 2.681622e+06 -8.771194e+05 -1.325562e+06 -5.057924e+04 -2.679269e+06 3.420625e+06 1.617711e+06 2.440756e+06 2.873804e+06 -1.080596e+06
 -8.555768e+05 2.756662e+06 4.223159e+05 -4.300198e+05 -3.452566e+05 3.184208e+05 2.002429e+06 1.231524e+06 -1.974038e+06 -1.930825e+06
 -1.501333e+06 1.402973e+06 -2.012056e+05 -3.538854e+05 -1.034425e+06 1.936927e+06 -9.519331e+04 -1.009933e+06 -7.997506e+05 -8.551325e+05
 -1.522932e+06 5.065725e+05 -2.228706e+05 -1.041972e+06 -2.236047e+06 -2.996446e+06 -1.411793e+06 -1.856891e+06 -2.379676e+05 -3.178979e+06
 7.650720e+05 -9.030645e+05 -1.467718e+06 -8.576084e+04 2.572711e+06 -4.888527e+05 3.512615e+05 1.535715e+06 -1.247792e+06 2.936968e+05
 1.334701e+06 1.842910e+06 1.261148e+06 -1.069875e+06 -7.594809e+05 -1.097605e+05 -1.119690e+06 2.203096e+06
 0.000000e+00 0.000000e+00 0.000000e+00 0.000000e+00 0.000000e+00 0.000000e+00 0.000000e+00 0.000000e+00 0.000000e+00 0.000000e+00
 0.000000e+00 0.000000e+00 0.000000e+00 0.000000e+00 0.000000e+00 0.000000e+00 0.000000e+00 0.000000e+00 0.000000e+00 0.000000e+00
 0.000000e+00 0.000000e+00 0.000000e+00 0.000000e+00 0.000000e+00 0.000000e+00 0.000000e+00 0.000000e+00 0.000000e+00 0.000000e+00
 0.000000e+00 0.000000e+00 0.000000e+00 0.000000e+00 0.000000e+00 0.000000e+00 0.000000e+00 0.000000e+00 0.000000e+00 0.000000e+00
 0.000000e+00 0.000000e+00 0.000000e+00 0.000000e+00 0.000000e+00 0.000000e+00 0.000000e+00 0.000000e+00 0.000000e+00 0.000000e+00
 0.000000e+00 0.000000e+00 0.000000e+00 0.000000e+00 0.000000e+00 0.000000e+00 0.000000e+00 0.000000e+00 0.000000e+00 0.000000e+00
 0.000000e+00 0.000000e+00 0.000000e+00 0.000000e+00 0.000000e+00 0.000000e+00 0.000000e+00 0.000000e+00 0.000000e+00 0.000000e+00
 0.000000e+00 0.000000e+00 0.000000e+00 0.000000e+00 0.000000e+00 0.000000e+00 0.000000e+00 0.000000e+00 0.000000e+00 0.000000e+00
 0.000000e+00 0.000000e+00 0.000000e+00 0.000000e+00 0.000000e+00 0.000000e+00 0.000000e+00 0.000000e+00 0.000000e+00 0.000000e+00
 0.000000e+00 0.000000e+00 0.000000e+00 0.000000e+00 0.000000e+00 0.000000e+00 0.000000e+00 0.000000e+00 0.000000e+00 0.000000e+00
 0.000000e+00 0.000000e+00 0.000000e+00 0.000000e+00 0.000000e+00 0.000000e+00 0.000000e+00 0.000000e+00 0.000000e+00 0.000000e+00
 0.000000e+00 0.000000e+00 0.000000e+00 0.000000e+00 0.000000e+00 0.000000e+00 0.000000e+00 0.000000e+00 0.000000e+00 0.000000e+00
 0.000000e+00 0.000000e+00 0.000000e+00 0.000000e+00 0.000000e+00 0.000000e+00 0.000000e+00 0.000000e+00 0.000000e+00 0.000000e+00
 0.000000e+00 0.000000e+00 0.000000e+00 0.000000e+00 0.000000e+00 0.000000e+00 0.000000e+00 0.000000e+00 0.000000e+00 0.000000e+00
 0.000000e+00 0.000000e+00 0.000000e+00 0.000000e+00 0.000000e+00 0.000000e+00 0.000000e+00 0.000000e+00 0.000000e+00 0.000000e+00
 0.000000e+00 0.000000e+00 0.000000e+00 0.000000e+00 0.000000e+00 0.000000e+00 0.000000e+00 0.000000e+00 0.000000e+00 0.000000e+00
 0.000000e+00 0.000000e+00 0.000000e+00 0.000000e+00 0.000000e+00 0.000000e+00 0.000000e+00 0.000000e+00 0.000000e+00 0.000000e+00
 0.000000e+00 0.000000e+00 0.000000e+00 0.000000e+00 0.000000e+00 0.000000e+00 0.000000e+00 0.000000e+00 0.000000e+00 0.000000e+00
 0.000000e+00 0.000000e+00 0.000000e+00 0.000000e+00 0.000000e+00 0.000000e+00 0.000000e+00 0.000000e+00 0.000000e+00 0.000000e+00
 0.000000e+00 0.000000e+00 0.000000e+00 0.000000e+00 0.000000e+00 0.000000e+00 0.000000e+00 0.000000e+00 0.000000e+00 0.000000e+00
 0.000000e+00 0.000000e+00 0.000000e+00 0.000000e+00 0.000000e+00 0.000000e+00 0.000000e+00 0.000000e+00 0.000000e+00 0.000000e+00
 0.000000e+00 0.000000e+00 0.000000e+00 0.000000e+00 0.000000e+00 0.000000e+00 0.000000e+00 0.000000e+00 0.000000e+00 0.000000e+00
 0.000000e+00 0.000000e+00 0.000000e+00 0.000000e+00 0.000000e+00 0.000000e+00 0.000000e+00 0.000000e+00 0.000000e+00 0.000000e+00
 0.000000e+00 0.000000e+00 0.000000e+00 0.000000e+00 0.000000e+00 0.000000e+00 0.000000e+00 0.000000e+00 0.000000e+00 0.000000e+00
 0.000000e+00 0.000000e+00 0.000000e+00 0.000000e+00 0.000000e+00 0.000000e+00 0.000000e+00 0.000000e+00 0.000000e+00 0.000000e+00
 0.000000e+00 0.000000e+00 0.000000e+00 0.000000e+00 0.000000e+00 0.000000e+00 0.000000e+00 0.000000e+00 0.000000e+00 0.000000e+00
 0.000000e+00 0.000000e+00 0.000000e+00 0.000000e+00 0.000000e+00 0.000000e+00 0.000000e+00 0.000000e+00 0.000000e+00 0.000000e+00
 0.000000e+00 0.000000e+00 0.000000e+00 0.000000e+00 0.000000e+00 0.000000e+00 0.000000e+00 0.000000e+00 0.000000e+00 0.000000e+00
 0.000000e+00 0.000000e+00 0.000000e+00 0.000000e+00 0.000000e+00 0.000000e+00 0.000000e+00 0.000000e+00
2205 0.050000 5.205339e+07
 2.801936e+05 1.731359e+05 -5.629930e+03 -3.028185e+03 3.648475e+05 1.056309e+05 7.417729e+05 9.830042e+05 9.190114e+04 -4.290090e+05
 -1.928359e+05 4.163529e+05 -4.299256e+05 8.548881e+04 -4.960266e+05 5.274041e+03 1.091575e+05 1.958853e+05 -4.788347e+04 3.516325e+05
 -3.046376e+05 -1.438456e+05 4.184933e+05 3.707720e+05 -4.379125e+05 2.114362e+06 -1.480648e+05 6.960785e+05 5.541426e+05 -3.664399e+05
 8.727872e+04 -2.501823e+05 2.625060e+04 3.288231e+05 2.412242e+05 7.032036e+04 1.450358e+06 -1.795777e+06 4.815355e+05 4.207274e+05
 -1.484411e+04 1.536873e+05 -1.582423e+05 -3.450116e+04 6.744595e+05 1.898599e+05 3.531451e+05 -8.318015e+05 4.524496e+05 3.618598e+05
 3.586646e+05 1.676506e+05 2.149128e+04 -4.157005e+05 -6.731130e+05 -1.743091e+06 4.517124e+05 9.405423e+05 -2.896714e+04 5.371299e+05
 1.508785e+05 3.007823e+05 -3.685080e+05 -3.461196e+05 5.925017e+05 -1.362197e+05 7.299281e+05 4.709416e+05 -1.439884e+05 9.089615e+05
 -1.756825e+05 8.388859e+05 1.017433e+06 6.164416e+05 4.496802e+05 -1.949644e+05 6.153606e+05 -4.548352e+05 -1.157292e+06 -1.227342e+05
 4.664906e+05 5.802697e+05 -6.990802e+05 8.139088e+04 -5.889597e+05 9.295401e+05 -1.352500e+06 -8.182831e+04 8.251194e+05 -2.415587e+05
 6.576146e+05 5.965977e+05 -4.643973e+05 -7.169522e+05 -6.673350e+05 -1.095264e+05 5.685802e+05 6.363221e+05 -8.183386e+05 4.485837e+05
 2.946284e+05 -3.957751e+05 9.088068e+04 2.208701e+06 1.082370e+05 3.011093e+06 7.213541e+05 5.018416e+05 1.256842e+05 2.726280e+05
 9.941977e+05 2.709366e+05 4.212154e+05 1.174421e+06 8.526879e+05 -3.031482e+05 -1.881697e+06 3.266605e+06 -1.586326e+06 -1.374792e+05
 1.445559e+06 -3.255290e+05 8.997744e+05 8.220435e+04 -1.521366e+06 1.826806e+05 7.032521e+05 1.508579e+06 1.416860e+05 7.926075e+05
 2.170325e+06 -2.109351e+05 3.348724e+05 1.357930e+06 -5.935531e+04 2.561867e+06 1.022077e+06 1.378853e+06 1.948141e+06 2.353400e+06
 6.486963e+06 8.907662e+06 2.071494e+07 6.937146e+07 9.891789e+07 6.633018e+07 1.726244e+07 1.117002e+07 5.587908e+06 3.560928e+06
 8.941235e+05 1.843173e+06 6.293725e+05 -9.187681e+05 -6.557240e+05 4.232924e+05 1.383713e+06 -1.394463e+06 6.836176e+05 6.572061e+05
 -2.094293e+06 2.358140e+06 2.791093e+05 9.622515e+05 -4.455572e+05 -1.877719e+06 -5.444227e+05 -5.743177e+04 7.307691e+05 -5.750010e+05
 9.702703e+05 2.052178e+05 1.280745e+06 9.115639e+04 -8.915103e+05 6.356904e+05 -2.159418e+06 -3.189981e+05 -9.770230e+05 -6.399006e+05
 9.096146e+05 4.021038e+05 1.076307e+05 -2.642599e+06 1.891315e+06 -1.159837e+06 -2.261861e+06 3.647538e+05 -1.395785e+06 -4.362488e+05
 1.487247e+06 1.301870e+06 2.267830e+06 -7.952214e+05 1.338986e+06 1.178313e+06 1.289751e+06 -4.006273e+05 3.135316e+05 1.775987e+06
 1.818014e+05 1.417636e+06 -9.175550e+05 -2.213723e+06 -1.465832e+06 3.355588e+06 9.453287e+05 6.893030e+04 -2.801002e+06 7.842125e+05
 1.086474e+06 -3.521962e+05 -9.890286e+05 7.497810e+05 1.238896e+05 -5.856057e+05 5.287222e+05 1.403812e+05 1.602319e+05 -6.197526e+05
 2.320640e+06 -4.195380e+05 -8.676605e+05 4.093829e+05 -2.461732e+06 -2.049900e+05 -7.719286e+05 7.165577e+05 9.138004e+05 1.174011e+06
 4.381688e+06 1.143994e+06 -1.303803e+06 -1.231052e+05 -3.399014e+06 3.592403e+06 2.299018e+06 4.409399e+06 2.892915e+06 -1.394195e+06
 -8.976812e+05 7.711808e+05 1.965282e+06 -8.681070e+05 -5.727618e+05 -8.956995e+05 1.577889e+06 1.660557e+05 -1.158864e+06 -8.914943e+05
 -1.264160e+06 1.062942e+06 1.639089e+05 3.190198e+06 -1.519908e+06 3.095650e+06 -1.757655e+05 -2.426929e+06 -7.780146e+05 -1.701663e+05
 -1.823475e+06 5.736478e+05 1.716314e+05 5.767612e+05 -1.365882e+06 -1.972729e+06 -6.150320e+05 -1.423834e+06 1.856626e+06 -2.373782e+06
 1.254422e+06 6.287487e+05 -2.723990e+06 9.209235e+05 7.856278e+05 -1.406385e+06 5.157972e+05 2.150824e+06 6.781335e+04 1.326850e+06
 1.661827e+06 1.799687e+06 1.445343e+06 -3.783229e+05 -2.766454e+03 4.077549e+05 -1.159469e+06 2.538105e+06
 0.000000e+00 0.000000e+00 0.000000e+00 0.000000e+00 0.000000e+00 0.000000e+00 0.000000e+00 0.000000e+00 0.000000e+00 0.000000e+00
 0.000000e+00 0.000000e+00 0.000000e+00 0.000000e+00 0.000000e+00 0.000000e+00 0.000000e+00 0.000000e+00 0.000000e+00 0.000000e+00
 0.000000e+00 0.000000e+00 0.000000e+00 0.000000e+00 0.000000e+00 0.000000e+00 0.000000e+00 0.000000e+00 0.000000e+00 0.000000e+00
 0.000000e+00 0.000000e+00 0.000000e+00 0.000000e+00 0.000000e+00 0.000000e+00 0.000000e+00 0.000000e+00 0.000000e+00 0.000000e+00
 0.000000e+00 0.000000e+00 0.000000e+00 0.000000e+00 0.000000e+00 0.000000e+00 0.000000e+00 0.000000e+00 0.000000e+00 0.000000e+00
 0.000000e+00 0.000000e+00 0.000000e+00 0.000000e+00 0.000000e+00 0.000000e+00 0.000000e+00 0.000000e+00 0.000000e+00 0.000000e+00
 0.000000e+00 0.000000e+00 0.000000e+00 0.000000e+00 0.000000e+00 0.000000e+00 0.000000e+00 0.000000e+00 0.000000e+00 0.000000e+00
 0.000000e+00 0.000000e+00 0.000000e+00 0.000000e+00 0.000000e+00 0.000000e+00 0.000000e+00 0.000000e+00 0.000000e+00 0.000000e+00
 0.000000e+00 0.000000e+00 0.000000e+00 0.000000e+00 0.000000e+00 0.000000e+00 0.000000e+00 0.000000e+00 0.000000e+00 0.000000e+00
 0.000000e+00 0.000000e+00 0.000000e+00 0.000000e+00 0.000000e+00 0.000000e+00 0.000000e+00 0.000000e+00 0.000000e+00 0.000000e+00
 0.000000e+00 0.000000e+00 0.000000e+00 0.000000e+00 0.000000e+00 0.000000e+00 0.000000e+00 0.000000e+00 0.000000e+00 0.000000e+00
 0.000000e+00 0.000000e+00 0.000000e+00 0.000000e+00 0.000000e+00 0.000000e+00 0.000000e+00 0.000000e+00 0.000000e+00 0.000000e+00
 0.000000e+00 0.000000e+00 0.000000e+00 0.000000e+00 0.000000e+00 0.000000e+00 0.000000e+00 0.000000e+00 0.000000e+00 0.000000e+00
 0.000000e+00 0.000000e+00 0.000000e+00 0.000000e+00 0.000000e+00 0.000000e+00 0.000000e+00 0.000000e+00 0.000000e+00 0.000000e+00
 0.000000e+00 0.000000e+00 0.000000e+00 0.000000e+00 0.000000e+00 0.000000e+00 0.000000e+00 0.000000e+00 0.000000e+00 0.000000e+00
 0.000000e+00 0.000000e+00 0.000000e+00 0.000000e+00 0.000000e+00 0.000000e+00 0.000000e+00 0.000000e+00 0.000000e+00 0.000000e+00
 0.000000e+00 0.000000e+00 0.000000e+00 0.000000e+00 0.000000e+00 0.000000e+00 0.000000e+00 0.000000e+00 0.000000e+00 0.000000e+00
 0.000000e+00 0.000000e+00 0.000000e+00 0.000000e+00 0.000000e+00 0.000000e+00 0.000000e+00 0.000000e+00 0.000000e+00 0.000000e+00
 0.000000e+00 0.000000e+00 0.000000e+00 0.000000e+00 0.000000e+00 0.000000e+00 0.000000e+00 0.000000e+00 0.000000e+00 0.000000e+00
 0.000000e+00 0.000000e+00 0.000000e+00 0.000000e+00 0.000000e+00 0.000000e+00 0.000000e+00 0.000000e+00 0.000000e+00 0.000000e+00
 0.000000e+00 0.000000e+00 0.000000e+00 0.000000e+00 0.000000e+00 0.000000e+00 0.000000e+00 0.000000e+00 0.000000e+00 0.000000e+00
 0.000000e+00 0.000000e+00 0.000000e+00 0.000000e+00 0.000000e+00 0.000000e+00 0.000000e+00 0.000000e+00 0.000000e+00 0.000000e+00
 0.000000e+00 0.000000e+00 0.000000e+00 0.000000e+00 0.000000e+00 0.000000e+00 0.000000e+00 0.000000e+00 0.000000e+00 0.000000e+00
 0.000000e+00 0.000000e+00 0.000000e+00 0.000000e+00 0.000000e+00 0.000000e+00 0.000000e+00 0.000000e+00 0.000000e+00 0.000000e+00
 0.000000e+00 0.000000e+00 0.000000e+00 0.000000e+00 0.000000e+00 0.000000e+00 0.000000e+00 0.000000e+00 0.000000e+00 0.000000e+00
 0.000000e+00 0.000000e+00 0.000000e+00 0.000000e+00 0.000000e+00 0.000000e+00 0.000000e+00 0.000000e+00 0.000000e+00 0.000000e+00
 0.000000e+00 0.000000e+00 0.000000e+00 0.000000e+00 0.000000e+00 0.000000e+00 0.000000e+00 0.000000e+00 0.000000e+00 0.000000e+00
 0.000000e+00 0.000000e+00 0.000000e+00 0.000000e+00 0.000000e+00 0.000000e+00 0.000000e+00 0.000000e+00 0.000000e+00 0.000000e+00
 0.000000e+00 0.000000e+00 0.000000e+00 0.000000e+00 0.000000e+00 0.000000e+00 0.000000e+00 0.000000e+00
2646 0.060000 6.233037e+07
 1.154540e+05 3.304104e+05 -2.155454e+05 -1.783932e+05 6.057912e+04 1.495019e+05 6.989940e+05 3.911394e+05 3.172373e+05 -2.794710e+05
 -7.202613e+04 2.704988e+05 -4.915146e+05 3.227346e+05 -2.363603e+05 2.138125e+05 6.486395e+05 4.654650e+04 -2.842476e+05 5.018849e+05
 8.056695e+03 2.623273e+04 1.007609e+05 6.159334e+05 -1.866462e+05 1.977776e+06 -1.623046e+05 6.315829e+04 9.661174e+05 -6.342937e+05
 6.261272e+05 4.522902e+05 2.832582e+05 -1.850703e+05 2.244041e+05 -8.683074e+04 1.296832e+06 -1.790782e+06 4.952182e+05 2.138776e+05
 -9.695828e+04 -2.497028e+05 -3.660846e+05 -3.149600e+05 1.182805e+06 -9.261027e+05 4.609010e+05 -7.483497e+05 7.863389e+05 1.665752e+05
 1.851514e+05 -2.591056e+05 -4.405005e+05 -9.140208e+05 -1.782331e+06 -1.158858e+06 1.237800e+06 9.504373e+05 -2.356541e+05 4.305620e+04
 1.773598e+06 -2.282909e+05 -1.205962e+06 1.951108e+05 -4.500550e+05 -6.893352e+05 6.644261e+05 9.098274e+05 -2.124376e+05 7.752670e+05
 3.529785e+05 1.355776e+06 1.691853e+06 5.342560e+05 -5.664911e+04 1.076024e+06 9.735209e+05 -8.535169e+05 -7.293487e+05 -4.129524e+05
 3.683195e+05 7.818296e+05 3.565126e+04 -5.549242e+05 -1.012524e+06 -3.752993e+05 -1.848613e+06 -5.111987e+05 -6.646289e+04 1.464029e+05
 1.557082e+06 1.607981e+05 -3.871817e+05 -7.474108e+05 -1.277119e+06 5.393784e+05 -2.938094e+04 3.478086e+05 7.143260e+05 1.601813e+06
 1.257701e+05 -2.560747e+06 4.068021e+05 2.242017e+06 1.034004e+06 2.332410e+06 7.606192e+05 7.340291e+05 -9.563976e+04 7.341236e+05
 6.442118e+05 5.484916e+04 4.451280e+05 -3.592908e+04 2.458966e+06 1.241127e+06 -1.823281e+06 3.762009e+06 -5.104244e+05 -1.432389e+05
 1.208392e+06 -8.858922e+05 1.274310e+06 -2.643254e+05 -1.034578e+06 -4.877692e+05 -4.410684e+05 9.842790e+05 -9.454136e+05 1.983937e+06
 9.598487e+05 1.363903e+04 7.448407e+05 1.086639e+06 1.291257e+06 1.505884e+06 2.270437e+06 1.634493e+06 1.840847e+06 4.980901e+06
 5.613234e+06 1.228546e+07 2.070291e+07 7.831044e+07 1.297950e+08 7.360498e+07 1.748092e+07 1.217114e+07 3.968546e+06 5.382355e+06
 -3.024178e+05 1.596098e+06 -3.674611e+04 -1.426924e+06 6.601057e+04 1.508862e+06 2.388584e+06 -1.116233e+06 -4.858459e+04 2.577250e+06
 -2.400954e+06 3.452839e+06 4.406181e+05 9.736543e+05 -1.562703e+06 -1.859180e+06 -5.700833e+05 -1.116151e+06 1.861959e+06 -6.811583e+05
 1.067210e+06 3.048012e+04 9.244255e+05 -4.899470e+05 1.292261e+05 4.840580e+05 2.610541e+05 -4.418712e+05 -1.599987e+06 -3.951063e+05
 -1.598552e+05 9.069375e+05 9.640317e+05 -2.816032e+06 2.007268e+06 -1.616043e+06 -2.495374e+06 -2.971709e+05 -3.196398e+06 5.158573e+05
 3.076594e+04 1.495279e+06 8.417086e+05 8.393007e+05 1.474871e+06 8.887298e+05 1.051098e+06 -1.790901e+06 7.748511e+05 3.779350e+05
 1.517373e+05 1.389925e+06 -1.242545e+06 -4.174913e+06 -1.914660e+06 4.614556e+06 1.465745e+06 -3.921024e+05 -2.003409e+06 5.173239e+05
 1.314334e+06 4.384703e+05 9.097389e+04 2.378638e+05 -7.421898e+05 -1.132030e+06 1.143306e+06 2.238376e+06 4.736068e+05 9.904718e+05
 8.808924e+05 -1.750036e+05 -2.469600e+06 2.704091e+05 -1.804158e+06 -1.087554e+05 -1.747148e+06 -4.899212e+05 2.023759e+06 4.956720e+05
 4.007388e+06 9.819880e+05 -1.791271e+06 -4.144596e+05 -2.836262e+06 2.807947e+06 1.976828e+06 4.242759e+06 2.723206e+06 -1.497019e+06
 4.011208e+05 7.237566e+05 2.665022e+06 -1.750321e+06 -1.925593e+06 -1.590716e+06 9.086356e+05 -7.654810e+05 -4.990485e+05 4.426225e+05
 -9.395036e+05 1.722369e+06 -1.381248e+06 1.641673e+06 -3.201206e+06 3.782410e+06 -9.800424e+05 -2.328774e+06 6.806337e+05 -9.040400e+05
 -3.206496e+06 -1.919206e+05 -7.103310e+05 1.290031e+06 -5.906684e+05 -1.460823e+06 7.621036e+05 -1.558076e+06 6.055861e+05 -7.714955e+05
 1.314060e+06 -1.235882e+05 -3.478260e+06 2.165704e+06 6.812738e+05 4.980776e+04 -3.434871e+05 1.144853e+06 2.773929e+05 2.693967e+06
 5.780275e+05 1.839203e+06 4.897383e+05 -1.077304e+06 -8.334805e+05 8.753309e+05 -8.389339e+05 2.930144e+05
 0.000000e+00 0.000000e+00 0.000000e+00 0.000000e+00 0.000000e+00 0.000000e+00 0.000000e+00 0.000000e+00 0.000000e+00 0.000000e+00
 0.000000e+00 0.000000e+00 0.000000e+00 0.000000e+00 0.000000e+00 0.000000e+00 0.000000e+00 0.000000e+00 0.000000e+00 0.000000e+00
 0.000000e+00 0.000000e+00 0.000000e+00 0.000000e+00 0.000000e+00 0.000000e+00 0.000000e+00 0.000000e+00 0.000000e+00 0.000000e+00
 0.000000e+00 0.000000e+00 0.000000e+00 0.000000e+00 0.000000e+00 0.000000e+00 0.000000e+00 0.000000e+00 0.000000e+00 0.000000e+00
 0.000000e+00 0.000000e+00 0.000000e+00 0.000000e+00 0.000000e+00 0.000000e+00 0.000000e+00 0.000000e+00 0.000000e+00 0.000000e+00
 0.000000e+00 0.000000e+00 0.000000e+00 0.000000e+00 0.000000e+00 0.000000e+00 0.000000e+00 0.000000e+00 0.000000e+00 0.000000e+00
 0.000000e+00 0.000000e+00 0.000000e+00 0.000000e+00 0.000000e+00 0.000000e+00 0.000000e+00 0.000000e+00 0.000000e+00 0.000000e+00
 0.000000e+00 0.000000e+00 0.000000e+00 0.000000e+00 0.000000e+00 0.000000e+00 0.000000e+00 0.000000e+00 0.000000e+00 0.000000e+00
 0.000000e+00 0.000000e+00 0.000000e+00 0.000000e+00 0.000000e+00 0.000000e+00 0.000000e+00 0.000000e+00 0.000000e+00 0.000000e+00
 0.000000e+00 0.000000e+00 0.000000e+00 0.000000e+00 0.000000e+00 0.000000e+00 0.000000e+00 0.000000e+00 0.000000e+00 0.000000e+00
 0.000000e+00 0.000000e+00 0.000000e+00 0.000000e+00 0.000000e+00 0.000000e+00 0.000000e+00 0.000000e+00 0.000000e+00 0.000000e+00
 0.000000e+00 0.000000e+00 0.000000e+00 0.000000e+00 0.000000e+00 0.000000e+00 0.000000e+00 0.000000e+00 0.000000e+00 0.000000e+00
 0.000000e+00 0.000000e+00 0.000000e+00 0.000000e+00 0.000000e+00 0.000000e+00 0.000000e+00 0.000000e+00 0.000000e+00 0.000000e+00
 0.000000e+00 0.000000e+00 0.000000e+00 0.000000e+00 0.000000e+00 0.000000e+00 0.000000e+00 0.000000e+00 0.000000e+00 0.000000e+00
 0.000000e+00 0.000000e+00 0.000000e+00 0.000000e+00 0.000000e+00 0.000000e+00 0.000000e+00 0.000000e+00 0.000000e+00 0.000000e+00
 0.000000e+00 0.000000e+00 0.000000e+00 0.000000e+00 0.000000e+00 0.000000e+00 0.000000e+00 0.000000e+00 0.000000e+00 0.000000e+00
 0.000000e+00 0.000000e+00 0.000000e+00 0.000000e+00 0.000000e+00 0.000000e+00 0.000000e+00 0.000000e+00 0.000000e+00 0.000000e+00
 0.000000e+00 0.000000e+00 0.000000e+00 0.000000e+00 0.000000e+00 0.000000e+00 0.000000e+00 0.000000e+00 0.000000e+00 0.000000e+00
 0.000000e+00 0.000000e+00 0.000000e+00 0.000000e+00 0.000000e+00 0.000000e+00 0.000000e+00 0.000000e+00 0.000000e+00 0.000000e+00
 0.000000e+00 0.000000e+00 0.000000e+00 0.000000e+00 0.000000e+00 0.000000e+00 0.000000e+00 0.000000e+00 0.000000e+00 0.000000e+00
 0.000000e+00 0.000000e+00 0.000000e+00 0.000000e+00 0.000000e+00 0.000000e+00 0.000000e+00 0.000000e+00 0.000000e+00 0.000000e+00
 0.000000e+00 0.000000e+00 0.000000e+00 0.000000e+00 0.000000e+00 0.000000e+00 0.000000e+00 0.000000e+00 0.000000e+00 0.000000e+00
 0.000000e+00 0.000000e+00 0.000000e+00 0.000000e+00 0.000000e+00 0.000000e+00 0.000000e+00 0.000000e+00 0.000000e+00 0.000000e+00
 0.000000e+00 0.000000e+00 0.000000e+00 0.000000e+00 0.000000e+00 0.000000e+00 0.000000e+00 0.000000e+00 0.000000e+00 0.000000e+00
 0.000000e+00 0.000000e+00 0.000000e+00 0.000000e+00 0.000000e+00 0.000000e+00 0.000000e+00 0.000000e+00 0.000000e+00 0.000000e+00
 0.000000e+00 0.000000e+00 0.000000e+00 0.000000e+00 0.000000e+00 0.000000e+00 0.000000e+00 0.000000e+00 0.000000e+00 0.000000e+00
 0.000000e+00 0.000000e+00 0.000000e+00 0.000000e+00 0.000000e+00 0.000000e+00 0.000000e+00 0.000000e+00 0.000000e+00 0.000000e+00
 0.000000e+00 0.000000e+00 0.000000e+00 0.000000e+00 0.000000e+00 0.000000e+00 0.000000e+00 0.000000e+00 0.000000e+00 0.000000e+00
 0.000000e+00 0.000000e+00 0.000000e+00 0.000000e+00 0.000000e+00 0.000000e+00 0.000000e+00 0.000000e+00
3087 0.070000 7.224832e+07
 5.493000e+05 2.917149e+05 2.670190e+05 -3.547311e+05 -6.637630e+05 1.897867e+05 8.457666e+05 7.295003e+05 4.381194e+05 -7.345348e+05
 5.908476e+04 1.794317e+05 -9.045284e+05 7.188275e+05 -1.385368e+05 4.320286e+04 9.020596e+05 -1.417274e+05 -4.534830e+02 9.877485e+05
 1.280512e+05 1.358698e+05 -8.988489e+04 4.948262e+05 5.899365e+05 2.002781e+06 -3.037133e+05 -1.089275e+06 9.694202e+05 -5.403640e+05
 2.006139e+05 2.239069e+05 5.438070e+04 -6.968613e+05 6.690688e+05 4.930893e+05 1.719256e+06 -1.710955e+06 5.333613e+04 -9.584896e+04
 7.021364e+04 1.064908e+05 -2.194042e+05 -4.582738e+05 1.397060e+06 -6.822409e+04 2.520473e+05 -8.692929e+05 1.006971e+06 -9.222629e+04
 8.581001e+04 2.241889e+04 -1.641236e+05 -3.024607e+05 -1.956981e+06 -1.061694e+06 9.820279e+05 8.807788e+05 -7.791269e+05 -9.179110e+05
 2.645298e+06 6.352084e+04 -9.600295e+05 -3.427649e+05 -1.421581e+05 -8.408578e+05 9.158620e+04 9.017194e+05 -6.668501e+05 5.902609e+05
 5.027548e+04 1.319525e+06 1.121628e+06 8.265775e+05 -1.323489e+04 7.327127e+05 8.058057e+05 -1.739231e+06 -8.716393e+05 -4.957624e+05
 -3.425130e+04 9.617757e+05 2.086185e+04 3.201129e+05 -9.842403e+05 -4.679295e+05 -1.918184e+06 8.443222e+05 4.686919e+05 -4.213440e+04
 2.290868e+05 -2.568068e+05 5.896183e+05 -6.010764e+05 -3.062324e+05 5.362130e+05 2.695096e+06 -4.929643e+05 2.070923e+05 1.978093e+06
 2.386393e+05 -1.319068e+06 3.711903e+04 1.242730e+06 9.679818e+05 1.409254e+06 6.072746e+05 1.417045e+06 -8.865447e+05 1.176160e+06
 1.324811e+05 -1.981485e+05 2.013494e+05 2.532335e+05 2.121716e+06 1.543847e+06 -1.208559e+06 3.983969e+06 9.751319e+05 -1.446853e+05
 2.321727e+06 -4.870991e+05 5.721000e+05 1.003964e+06 -1.866681e+06 -5.418806e+05 -1.039066e+06 1.046833e+06 -2.332986e+06 2.296544e+06
 1.274373e+06 -5.668282e+05 3.511685e+05 8.989239e+05 1.400427e+06 8.367718e+05 2.383765e+06 1.214150e+06 2.067478e+06 4.798747e+06
 7.027138e+06 1.165942e+07 2.275077e+07 8.158385e+07 1.597902e+08 7.811862e+07 1.970416e+07 1.034995e+07 5.636104e+06 5.391366e+06
 -1.695935e+05 9.958492e+05 4.744791e+05 -2.052451e+06 2.997573e+05 1.248914e+06 2.558608e+06 1.157593e+04 6.842148e+05 3.786953e+06
 -2.821969e+06 2.483740e+06 -6.352712e+05 2.062683e+06 -1.376423e+06 -1.721939e+06 -4.367680e+05 -2.006669e+06 9.901091e+05 -1.369180e+06
 8.172349e+05 -1.008393e+06 6.903759e+05 -1.066066e+06 5.349335e+05 2.046619e+06 4.386324e+04 -9.415562e+05 -5.714332e+05 -1.699967e+06
 -7.346052e+04 8.537359e+05 -1.864825e+05 -3.582332e+06 2.259499e+06 -2.517854e+06 -2.057297e+06 -2.080554e+05 -3.718857e+06 2.382225e+06
 7.638721e+05 1.879964e+06 1.330713e+06 1.784914e+06 1.999082e+06 7.761002e+05 5.623758e+05 -2.662521e+06 1.579380e+06 3.208705e+05
 -9.254396e+04 -2.774503e+05 -1.642645e+06 -3.114735e+06 -6.105300e+05 3.435040e+06 1.753988e+06 -2.069755e+06 -2.536943e+06 2.786191e+04
 9.933581e+05 3.691656e+05 6.858633e+05 2.389263e+06 4.045429e+05 1.089022e+05 -4.086063e+05 1.423092e+06 -7.520641e+05 1.242635e+06
 2.419527e+06 1.492053e+04 -9.386497e+05 1.214137e+06 -9.685817e+05 -1.398786e+06 -2.209096e+06 8.009101e+05 1.212041e+06 4.883337e+05
 2.770708e+06 1.549049e+06 -1.165150e+06 -6.175604e+05 -3.588842e+06 2.830157e+06 2.195308e+05 3.454574e+06 1.953166e+06 -8.337339e+05
 -4.343701e+05 2.764306e+05 2.945934e+06 3.382678e+05 -1.971955e+06 -2.716142e+06 2.239933e+06 -3.288105e+05 -3.088602e+05 -3.856904e+05
 -8.063851e+04 1.332891e+06 -1.863076e+06 2.331511e+06 -2.677186e+06 3.581390e+06 4.897307e+05 -1.343118e+06 5.369079e+05 7.145240e+05
 -2.106836e+06 1.968265e+04 -2.866517e+05 3.244671e+06 -1.082980e+06 -2.059725e+06 1.258965e+06 3.879247e+05 3.146039e+06 1.821716e+05
 9.951476e+05 9.369220e+03 -4.112441e+06 3.349125e+06 8.322483e+05 2.048917e+06 -1.074769e+06 -1.184171e+06 7.509355e+05 2.668755e+06
 1.626292e+06 3.576267e+06 5.598540e+04 -4.557369e+05 -1.513478e+06 5.668534e+05 -7.727485e+05 1.449433e+06
 0.000000e+00 0.000000e+00 0.000000e+00 0.000000e+00 0.000000e+00 0.000000e+00 0.000000e+00 0.000000e+00 0.000000e+00 0.000000e+00
 0.000000e+00 0.000000e+00 0.000000e+00 0.000000e+00 0.000000e+00 0.000000e+00 0.000000e+00 0.000000e+00 0.000000e+00 0.000000e+00
 0.000000e+00 0.000000e+00 0.000000e+00 0.000000e+00 0.000000e+00 0.000000e+00 0.000000e+00 0.000000e+00 0.000000e+00 0.000000e+00
 0.000000e+00 0.000000e+00 0.000000e+00 0.000000e+00 0.000000e+00 0.000000e+00 0.000000e+00 0.000000e+00 0.000000e+00 0.000000e+00
 0.000000e+00 0.000000e+00 0.000000e+00 0.000000e+00 0.000000e+00 0.000000e+00 0.000000e+00 0.000000e+00 0.000000e+00 0.000000e+00
 0.000000e+00 0.000000e+00 0.000000e+00 0.000000e+00 0.000000e+00 0.000000e+00 0.000000e+00 0.000000e+00 0.000000e+00 0.000000e+00
 0.000000e+00 0.000000e+00 0.000000e+00 0.000000e+00 0.000000e+00 0.000000e+00 0.000000e+00 0.000000e+00 0.000000e+00 0.000000e+00
 0.000000e+00 0.000000e+00 0.000000e+00 0.000000e+00 0.000000e+00 0.000000e+00 0.000000e+00 0.000000e+00 0.000000e+00 0.000000e+00
 0.000000e+00 0.000000e+00 0.000000e+00 0.000000e+00 0.000000e+00 0.000000e+00 0.000000e+00 0.000000e+00 0.000000e+00 0.000000e+00
 0.000000e+00 0.000000e+00 0.000000e+00 0.000000e+00 0.000000e+00 0.000000e+00 0.000000e+00 0.000000e+00 0.000000e+00 0.000000e+00
 0.000000e+00 0.000000e+00 0.000000e+00 0.000000e+00 0.000000e+00 0.000000e+00 0.000000e+00 0.000000e+00 0.000000e+00 0.000000e+00
 0.000000e+00 0.000000e+00 0.000000e+00 0.000000e+00 0.000000e+00 0.000000e+00 0.000000e+00 0.000000e+00 0.000000e+00 0.000000e+00
 0.000000e+00 0.000000e+00 0.000000e+00 0.000000e+00 0.000000e+00 0.000000e+00 0.000000e+00 0.000000e+00 0.000000e+00 0.000000e+00
 0.000000e+00 0.000000e+00 0.000000e+00 0.000000e+00 0.000000e+00 0.000000e+00 0.000000e+00 0.000000e+00 0.000000e+00 0.000000e+00
 0.000000e+00 0.000000e+00 0.000000e+00 0.000000e+00 0.000000e+00 0.000000e+00 0.000000e+00 0.000000e+00 0.000000e+00 0.000000e+00
 0.000000e+00 0.000000e+00 0.000000e+00 0.000000e+00 0.000000e+00 0.000000e+00 0.000000e+00 0.000000e+00 0.000000e+00 0.000000e+00
 0.000000e+00 0.000000e+00 0.000000e+00 0.000000e+00 0.000000e+00 0.000000e+00 0.000000e+00 0.000000e+00 0.000000e+00 0.000000e+00
 0.000000e+00 0.000000e+00 0.000000e+00 0.000000e+00 0.000000e+00 0.000000e+00 0.000000e+00 0.000000e+00 0.000000e+00 0.000000e+00
 0.000000e+00 0.000000e+00 0.000000e+00 0.000000e+00 0.000000e+00 0.000000e+00 0.000000e+00 0.000000e+00 0.000000e+00 0.000000e+00
 0.000000e+00 0.000000e+00 0.000000e+00 0.000000e+00 0.000000e+00 0.000000e+00 0.000000e+00 0.000000e+00 0.000000e+00 0.000000e+00
 0.000000e+00 0.000000e+00 0.000000e+00 0.000000e+00 0.000000e+00 0.000000e+00 0.000000e+00 0.000000e+00 0.000000e+00 0.000000e+00
 0.000000e+00 0.000000e+00 0.000000e+00 0.000000e+00 0.000000e+00 0.000000e+00 0.000000e+00 0.000000e+00 0.000000e+00 0.000000e+00
 0.000000e+00 0.000000e+00 0.000000e+00 0.000000e+00 0.000000e+00 0.000000e+00 0.000000e+00 0.000000e+00 0.000000e+00 0.000000e+00
 0.000000e+00 0.000000e+00 0.000000e+00 0.000000e+00 0.000000e+00 0.000000e+00 0.000000e+00 0.000000e+00 0.000000e+00 0.000000e+00
 0.000000e+00 0.000000e+00 0.000000e+00 0.000000e+00 0.000000e+00 0.000000e+00 0.000000e+00 0.000000e+00 0.000000e+00 0.000000e+00
 0.000000e+00 0.000000e+00 0.000000e+00 0.000000e+00 0.000000e+00 0.000000e+00 0.000000e+00 0.000000e+00 0.000000e+00 0.000000e+00
 0.000000e+00 0.000000e+00 0.000000e+00 0.000000e+00 0.000000e+00 0.000000e+00 0.000000e+00 0.000000e+00 0.000000e+00 0.000000e+00
 0.000000e+00 0.000000e+00 0.000000e+00 0.000000e+00 0.000000e+00 0.000000e+00 0.000000e+00 0.000000e+00 0.000000e+00 0.000000e+00
 0.000000e+00 0.000000e+00 0.000000e+00 0.000000e+00 0.000000e+00 0.000000e+00 0.000000e+00 0.000000e+00
3528 0.080000 8.192365e+07
 3.468436e+05 5.009236e+05 3.623199e+05 -4.902574e+05 -6.571155e+05 6.315034e+04 7.459369e+05 9.331777e+05 5.366364e+05 -4.512914e+05
 4.231571e+05 4.063670e+05 -1.275618e+06 1.052060e+06 -8.332917e+05 1.164428e+04 5.949327e+05 -2.764050e+05 -4.316641e+05 5.231970e+05
 9.181997e+04 -2.790265e+05 -2.794242e+05 2.920979e+05 9.350041e+05 1.938391e+06 -3.299867e+05 -1.816579e+06 -6.550458e+04 -3.405496e+05
 2.451531e+05 6.603956e+05 2.313189e+05 -3.745934e+04 -2.623080e+04 7.586411e+05 1.901589e+06 -1.415857e+06 -1.806992e+05 1.035897e+04
 -6.802972e+04 -4.610205e+05 1.487584e+05 -3.777217e+05 1.493205e+06 -5.654237e+05 2.274063e+05 -4.771843e+05 8.611906e+05 2.751049e+05
 -9.593594e+05 4.588460e+05 4.574958e+05 -2.506480e+05 -1.290046e+06 -7.908930e+05 9.787513e+05 1.309123e+06 -2.391433e+05 3.757627e+03
 2.257759e+06 9.397223e+05 -9.417790e+05 -1.916285e+06 -2.329225e+05 2.913925e+05 -2.076690e+05 3.838592e+05 -1.016466e+06 3.833267e+05
 -2.515990e+05 2.295705e+06 2.148130e+05 5.906492e+05 6.904155e+05 3.588009e+05 1.894768e+06 -7.945023e+05 -9.702430e+04 -2.243645e+05
 1.569851e+05 1.199103e+06 -2.470568e+05 8.131479e+05 -1.520564e+06 -5.467065e+05 -1.749446e+06 1.111264e+06 7.110562e+05 4.220698e+05
 8.795823e+05 -1.512026e+05 -3.180126e+05 -1.328911e+06 -4.612129e+04 2.847596e+05 3.597185e+06 -1.084949e+05 1.281741e+06 2.531828e+06
 -9.923092e+05 -3.569488e+05 4.451312e+05 2.161762e+05 1.886999e+06 1.533937e+05 1.137345e+06 2.200092e+06 4.329418e+05 8.947837e+05
 -5.140936e+05 8.155046e+05 -5.604300e+05 -1.025897e+06 9.636979e+05 1.501992e+06 -6.940421e+05 9.263653e+05 6.978629e+04 5.012133e+05
 1.852590e+06 -1.529800e+06 -7.314994e+05 1.813563e+05 -1.705092e+06 -1.492135e+05 -1.488597e+05 5.646378e+05 -2.838320e+06 3.031847e+06
 1.210750e+06 8.195552e+04 7.483919e+05 -7.230498e+05 6.259475e+05 1.346558e+06 1.858414e+06 2.056966e+06 2.864820e+06 4.553984e+06
 8.343129e+06 1.115854e+07 2.581229e+07 8.675169e+07 1.865098e+08 7.965987e+07 2.331891e+07 9.636050e+06 5.778299e+06 6.163748e+06
 1.688539e+06 -2.350621e+05 1.325266e+06 -4.491565e+06 9.632844e+05 1.102870e+06 2.605845e+06 5.720210e+05 1.597927e+06 3.763246e+06
 -3.421886e+06 2.245898e+06 1.615719e+05 6.788050e+04 -6.320647e+05 -4.351176e+05 -7.493259e+05 -7.921953e+05 2.443426e+06 -1.801887e+06
 2.176849e+06 -5.099567e+05 -9.325565e+05 -9.274194e+05 -6.483504e+04 6.150252e+05 -1.081403e+06 -9.332734e+05 8.154310e+05 -1.604059e+06
 -4.738283e+05 2.467862e+06 4.148437e+05 -3.474762e+06 1.438674e+06 -2.593219e+06 -1.797884e+06 2.455367e+05 -3.546411e+06 3.939638e+06
 9.611119e+05 1.686128e+06 3.255531e+05 2.226871e+06 1.617063e+06 8.445780e+05 -8.847791e+05 -5.634683e+05 4.947860e+05 1.819716e+05
 -1.171767e+05 -8.245777e+05 -1.456963e+06 -1.983279e+06 2.079523e+05 2.294333e+06 -2.869724e+05 -1.857667e+06 -1.372664e+06 1.773705e+06
 3.521047e+05 -3.690449e+04 1.743612e+06 3.128763e+06 1.782878e+06 -1.062953e+06 -1.536307e+06 9.076454e+05 3.333158e+05 2.140325e+06
 3.601692e+06 -1.548613e+06 -2.986614e+06 1.839120e+06 -1.138078e+05 -1.421802e+06 -1.851327e+06 2.671280e+05 2.429006e+06 2.656604e+05
 3.085963e+06 1.222941e+06 -1.498243e+06 -1.125891e+06 -4.610362e+06 1.130337e+06 6.533531e+05 3.928221e+06 1.565134e+06 -7.573501e+05
 3.828854e+05 -9.967613e+05 1.832913e+06 1.635485e+06 -3.028195e+06 -2.454215e+06 1.619200e+06 3.854905e+05 -8.618045e+05 -4.115556e+05
 -4.750625e+05 1.198059e+06 -1.836175e+06 2.404660e+06 -1.980071e+06 3.174947e+06 5.187919e+05 -1.848521e+06 1.898357e+06 2.058470e+06
 -1.660233e+06 4.867547e+05 -7.342751e+05 2.859045e+06 -2.021293e+06 -2.503481e+06 1.291613e+06 1.885162e+06 2.726850e+06 1.395845e+05
 5.661778e+05 5.865275e+04 -4.022965e+06 2.911076e+06 7.578917e+05 3.077408e+06 -1.309488e+06 -1.203092e+06 -4.727606e+05 1.204665e+06
 2.326823e+06 3.780292e+06 1.675516e+05 4.129971e+05 -1.576302e+06 6.245375e+05 -7.570778e+05 1.769244e+06
 0.000000e+00 0.000000e+00 0.000000e+00 0.000000e+00 0.000000e+00 0.000000e+00 0.000000e+00 0.000000e+00 0.000000e+00 0.000000e+00
 0.000000e+00 0.000000e+00 0.000000e+00 0.000000e+00 0.000000e+00 0.000000e+00 0.000000e+00 0.000000e+00 0.000000e+00 0.000000e+00
 0.000000e+00 0.000000e+00 0.000000e+00 0.000000e+00 0.000000e+00 0.000000e+00 0.000000e+00 0.000000e+00 0.000000e+00 0.000000e+00
 0.000000e+00 0.000000e+00 0.000000e+00 0.000000e+00 0.000000e+00 0.000000e+00 0.000000e+00 0.000000e+00 0.000000e+00 0.000000e+00
 0.000000e+00 0.000000e+00 0.000000e+00 0.000000e+00 0.000000e+00 0.000000e+00 0.000000e+00 0.000000e+00 0.000000e+00 0.000000e+00
 0.000000e+00 0.000000e+00 0.000000e+00 0.000000e+00 0.000000e+00 0.000000e+00 0.000000e+00 0.000000e+00 0.000000e+00 0.000000e+00
 0.000000e+00 0.000000e+00 0.000000e+00 0.000000e+00 0.000000e+00 0.000000e+00 0.000000e+00 0.000000e+00 0.000000e+00 0.000000e+00
 0.000000e+00 0.000000e+00 0.000000e+00 0.000000e+00 0.000000e+00 0.000000e+00 0.000000e+00 0.000000e+00 0.000000e+00 0.000000e+00
 0.000000e+00 0.000000e+00 0.000000e+00 0.000000e+00 0.000000e+00 0.000000e+00 0.000000e+00 0.000000e+00 0.000000e+00 0.000000e+00
 0.000000e+00 0.000000e+00 0.000000e+00 0.000000e+00 0.000000e+00 0.000000e+00 0.000000e+00 0.000000e+00 0.000000e+00 0.000000e+00
 0.000000e+00 0.000000e+00 0.000000e+00 0.000000e+00 0.000000e+00 0.000000e+00 0.000000e+00 0.000000e+00 0.000000e+00 0.000000e+00
 0.000000e+00 0.000000e+00 0.000000e+00 0.000000e+00 0.000000e+00 0.000000e+00 0.000000e+00 0.000000e+00 0.000000e+00 0.000000e+00
 0.000000e+00 0.000000e+00 0.000000e+00 0.000000e+00 0.000000e+00 0.000000e+00 0.000000e+00 0.000000e+00 0.000000e+00 0.000000e+00
 0.000000e+00 0.000000e+00 0.000000e+00 0.000000e+00 0.000000e+00 0.000000e+00 0.000000e+00 0.000000e+00 0.000000e+00 0.000000e+00
 0.000000e+00 0.000000e+00 0.000000e+00 0.000000e+00 0.000000e+00 0.000000e+00 0.000000e+00 0.000000e+00 0.000000e+00 0.000000e+00
 0.000000e+00 0.000000e+00 0.000000e+00 0.000000e+00 0.000000e+00 0.000000e+00 0.000000e+00 0.000000e+00 0.000000e+00 0.000000e+00
 0.000000e+00 0.000000e+00 0.000000e+00 0.000000e+00 0.000000e+00 0.000000e+00 0.000000e+00 0.000000e+00 0.000000e+00 0.000000e+00
 0.000000e+00 0.000000e+00 0.000000e+00 0.000000e+00 0.000000e+00 0.000000e+00 0.000000e+00 0.000000e+00 0.000000e+00 0.000000e+00
 0.000000e+00 0.000000e+00 0.000000e+00 0.000000e+00 0.000000e+00 0.000000e+00 0.000000e+00 0.000000e+00 0.000000e+00 0.000000e+00
 0.000000e+00 0.000000e+00 0.000000e+00 0.000000e+00 0.000000e+00 0.000000e+00 0.000000e+00 0.000000e+00 0.000000e+00 0.000000e+00
 0.000000e+00 0.000000e+00 0.000000e+00 0.000000e+00 0.000000e+00 0.000000e+00 0.000000e+00 0.000000e+00 0.000000e+00 0.000000e+00
 0.000000e+00 0.000000e+00 0.000000e+00 0.000000e+00 0.000000e+00 0.000000e+00 0.000000e+00 0.000000e+00 0.000000e+00 0.000000e+00
 0.000000e+00 0.000000e+00 0.000000e+00 0.000000e+00 0.000000e+00 0.000000e+00 0.000000e+00 0.000000e+00 0.000000e+00 0.000000e+00
 0.000000e+00 0.000000e+00 0.000000e+00 0.000000e+00 0.000000e+00 0.000000e+00 0.000000e+00 0.000000e+00 0.000000e+00 0.000000e+00
 0.000000e+00 0.000000e+00 0.000000e+00 0.000000e+00 0.000000e+00 0.000000e+00 0.000000e+00 0.000000e+00 0.000000e+00 0.000000e+00
 0.000000e+00 0.000000e+00 0.000000e+00 0.000000e+00 0.000000e+00 0.000000e+00 0.000000e+00 0.000000e+00 0.000000e+00 0.000000e+00
 0.000000e+00 0.000000e+00 0.000000e+00 0.000000e+00 0.000000e+00 0.000000e+00 0.000000e+00 0.000000e+00 0.000000e+00 0.000000e+00
 0.000000e+00 0.000000e+00 0.000000e+00 0.000000e+00 0.000000e+00 0.000000e+00 0.000000e+00 0.000000e+00 0.000000e+00 0.000000e+00
 0.000000e+00 0.000000e+00 0.000000e+00 0.000000e+00 0.000000e+00 0.000000e+00 0.000000e+00 0.000000e+00
3969 0.090000 9.167050e+07
 5.747331e+05 6.556895e+05 4.931376e+05 -7.637314e+04 -1.978430e+05 1.619268e+05 9.312896e+05 9.400917e+05 9.853692e+04 -6.202395e+05
 6.439315e+05 1.728173e+05 -1.248049e+06 9.200610e+05 -9.320343e+05 2.400829e+05 5.618302e+05 5.912648e+04 -8.658397e+04 -3.503221e+04
 -5.802793e+05 -1.044228e+06 3.449360e+05 -4.635721e+05 1.273289e+06 1.638656e+06 -2.939544e+05 -2.176308e+06 -8.485076e+05 -1.009812e+05
 1.933909e+05 4.142190e+05 -4.082625e+05 2.483769e+05 -2.202236e+05 -2.462090e+03 1.728759e+06 -1.066386e+06 -5.518442e+05 1.351772e+05
 4.759158e+05 -8.159283e+05 1.174178e+06 -2.599537e+05 1.870718e+06 -8.796666e+05 -2.027750e+05 -1.208831e+06 4.232704e+05 1.584691e+05
 -3.597511e+05 1.844081e+05 5.823036e+05 2.282483e+05 -9.741807e+05 -3.124531e+04 -1.423878e+05 1.721887e+06 -1.496553e+05 9.857022e+05
 1.654361e+06 1.622846e+06 -1.049909e+06 -9.937235e+05 -2.583179e+05 -1.086343e+05 1.830378e+05 -5.981677e+05 -1.003391e+06 4.679492e+04
 2.240112e+05 2.576618e+06 7.178194e+05 2.153095e+06 2.281123e+06 4.702122e+05 1.682185e+06 9.046564e+05 -1.612810e+05 9.109351e+05
 1.464886e+05 5.977920e+05 3.354066e+05 8.952746e+05 -1.640788e+06 -6.784741e+05 -2.531308e+06 9.579117e+05 2.135196e+05 -1.537898e+06
 -4.949996e+04 -7.156935e+05 -3.567892e+05 -6.852781e+05 -9.971651e+03 -1.088196e+05 3.675699e+06 -3.270592e+05 1.677342e+06 2.233093e+06
 -2.110924e+05 -3.541480e+05 1.120031e+06 6.284264e+05 2.887509e+06 -9.249363e+04 -3.433352e+05 1.733738e+06 1.388097e+06 1.425489e+06
 -1.104269e+06 1.447984e+06 -2.487974e+06 -2.061002e+04 1.859479e+06 1.869828e+06 6.204315e+05 6.389868e+05 -1.118281e+06 1.045796e+06
 1.980424e+06 -3.449870e+05 -1.209395e+06 1.759963e+05 -1.551117e+06 -2.514397e+05 9.826359e+05 8.779617e+05 -2.585712e+06 3.599017e+06
 1.447912e+06 -5.449415e+05 9.555712e+04 -1.968161e+06 8.859595e+05 1.523375e+06 2.080947e+06 1.913978e+06 3.660635e+06 5.351832e+06
 8.690468e+06 1.243482e+07 3.000384e+07 8.843298e+07 2.141247e+08 8.132578e+07 2.482942e+07 1.106858e+07 5.828380e+06 7.208240e+06
 1.960145e+06 -4.632216e+05 1.106146e+06 -4.036049e+06 1.388302e+06 7.726797e+05 3.012768e+06 -9.270857e+05 8.013455e+05 3.301881e+06
 -7.773523e+05 4.303464e+05 1.910979e+06 3.607016e+05 -7.883895e+05 -1.236972e+06 1.004136e+05 -7.247474e+05 1.563275e+06 -2.151920e+06
 1.840378e+06 -2.592374e+06 -5.148440e+05 -1.523630e+06 -1.231280e+05 -3.763321e+05 -2.014758e+06 -9.300045e+05 -1.979835e+05 -1.736772e+06
 -6.730215e+05 1.247911e+06 -1.862075e+05 -3.082704e+06 2.231323e+06 -2.123978e+06 -1.719942e+06 2.835602e+05 -3.718611e+06 3.598053e+06
 3.259956e+06 2.037239e+06 2.118327e+05 2.379800e+06 2.667682e+06 8.379139e+05 5.704997e+05 -1.615380e+06 1.079308e+06 5.857735e+05
 8.502364e+04 -1.149486e+06 -1.026209e+06 -3.545125e+06 -2.294640e+06 1.679556e+06 -4.429609e+05 -1.297005e+06 -1.363802e+06 6.930736e+05
 3.787019e+05 -1.064951e+03 1.242430e+06 3.056618e+06 1.080598e+06 -8.958068e+05 -2.400692e+06 8.056217e+05 6.104917e+05 2.030388e+06
 2.263872e+06 5.045520e+05 -1.704313e+06 1.995196e+06 6.379165e+05 -1.770139e+06 -1.887997e+06 -1.160408e+06 1.822977e+06 -5.495061e+05
 3.558242e+06 -5.649451e+05 -1.659896e+06 -1.519891e+06 -4.994251e+06 1.489926e+06 -2.270199e+05 3.460618e+06 7.084358e+05 -6.520262e+04
 -1.056213e+06 -2.360251e+06 1.285144e+06 1.165609e+06 -1.731388e+06 -2.071326e+06 2.862354e+06 1.582555e+06 6.355437e+04 -9.791806e+05
 4.586025e+05 1.889816e+06 -1.384580e+06 2.740404e+06 -1.014061e+06 3.308475e+06 9.981251e+05 -2.244069e+06 2.024602e+06 2.201687e+06
 -9.237020e+05 1.747727e+06 -5.361135e+05 2.910859e+06 -2.773183e+06 -3.223889e+05 5.439687e+05 -4.097912e+05 2.766276e+06 4.318793e+04
 -3.093944e+05 -8.721259e+05 -4.609689e+06 1.911641e+06 -3.492331e+05 2.591944e+06 -7.666769e+05 -1.461762e+06 5.139916e+05 1.761040e+06
 2.923094e+06 3.312084e+06 5.006860e+05 1.247500e+06 -2.385583e+06 1.469244e+06 -7.410952e+05 8.402501e+05
 0.000000e+00 0.000000e+00 0.000000e+00 0.000000e+00 0.000000e+00 0.000000e+00 0.000000e+00 0.000000e+00 0.000000e+00 0.000000e+00
 0.000000e+00 0.000000e+00 0.000000e+00 0.000000e+00 0.000000e+00 0.000000e+00 0.000000e+00 0.000000e+00 0.000000e+00 0.000000e+00
 0.000000e+00 0.000000e+00 0.000000e+00 0.000000e+00 0.000000e+00 0.000000e+00 0.000000e+00 0.000000e+00 0.000000e+00 0.000000e+00
 0.000000e+00 0.000000e+00 0.000000e+00 0.000000e+00 0.000000e+00 0.000000e+00 0.000000e+00 0.000000e+00 0.000000e+00 0.000000e+00
 0.000000e+00 0.000000e+00 0.000000e+00 0.000000e+00 0.000000e+00 0.000000e+00 0.000000e+00 0.000000e+00 0.000000e+00 0.000000e+00
 0.000000e+00 0.000000e+00 0.000000e+00 0.000000e+00 0.000000e+00 0.000000e+00 0.000000e+00 0.000000e+00 0.000000e+00 0.000000e+00
 0.000000e+00 0.000000e+00 0.000000e+00 0.000000e+00 0.000000e+00 0.000000e+00 0.000000e+00 0.000000e+00 0.000000e+00 0.000000e+00
 0.000000e+00 0.000000e+00 0.000000e+00 0.000000e+00 0.000000e+00 0.000000e+00 0.000000e+00 0.000000e+00 0.000000e+00 0.000000e+00
 0.000000e+00 0.000000e+00 0.000000e+00 0.000000e+00 0.000000e+00 0.000000e+00 0.000000e+00 0.000000e+00 0.000000e+00 0.000000e+00
 0.000000e+00 0.000000e+00 0.000000e+00 0.000000e+00 0.000000e+00 0.000000e+00 0.000000e+00 0.000000e+00 0.000000e+00 0.000000e+00
 0.000000e+00 0.000000e+00 0.000000e+00 0.000000e+00 0.000000e+00 0.000000e+00 0.000000e+00 0.000000e+00 0.000000e+00 0.000000e+00
 0.000000e+00 0.000000e+00 0.000000e+00 0.000000e+00 0.000000e+00 0.000000e+00 0.000000e+00 0.000000e+00 0.000000e+00 0.000000e+00
 0.000000e+00 0.000000e+00 0.000000e+00 0.000000e+00 0.000000e+00 0.000000e+00 0.000000e+00 0.000000e+00 0.000000e+00 0.000000e+00
 0.000000e+00 0.000000e+00 0.000000e+00 0.000000e+00 0.000000e+00 0.000000e+00 0.000000e+00 0.000000e+00 0.000000e+00 0.000000e+00
 0.000000e+00 0.000000e+00 0.000000e+00 0.000000e+00 0.000000e+00 0.000000e+00 0.000000e+00 0.000000e+00 0.000000e+00 0.000000e+00
 0.000000e+00 0.000000e+00 0.000000e+00 0.000000e+00 0.000000e+00 0.000000e+00 0.000000e+00 0.000000e+00 0.000000e+00 0.000000e+00
 0.000000e+00 0.000000e+00 0.000000e+00 0.000000e+00 0.000000e+00 0.000000e+00 0.000000e+00 0.000000e+00 0.000000e+00 0.000000e+00
 0.000000e+00 0.000000e+00 0.000000e+00 0.000000e+00 0.000000e+00 0.000000e+00 0.000000e+00 0.000000e+00 0.000000e+00 0.000000e+00
 0.000000e+00 0.000000e+00 0.000000e+00 0.000000e+00 0.000000e+00 0.000000e+00 0.000000e+00 0.000000e+00 0.000000e+00 0.000000e+00
 0.000000e+00 0.000000e+00 0.000000e+00 0.000000e+00 0.000000e+00 0.000000e+00 0.000000e+00 0.000000e+00 0.000000e+00 0.000000e+00
 0.000000e+00 0.000000e+00 0.000000e+00 0.000000e+00 0.000000e+00 0.000000e+00 0.000000e+00 0.000000e+00 0.000000e+00 0.000000e+00
 0.000000e+00 0.000000e+00 0.000000e+00 0.000000e+00 0.000000e+00 0.000000e+00 0.000000e+00 0.000000e+00 0.000000e+00 0.000000e+00
 0.000000e+00 0.000000e+00 0.000000e+00 0.000000e+00 0.000000e+00 0.000000e+00 0.000000e+00 0.000000e+00 0.000000e+00 0.000000e+00
 0.000000e+00 0.000000e+00 0.000000e+00 0.000000e+00 0.000000e+00 0.000000e+00 0.000000e+00 0.000000e+00 0.000000e+00 0.000000e+00
 0.000000e+00 0.000000e+00 0.000000e+00 0.000000e+00 0.000000e+00 0.000000e+00 0.000000e+00 0.000000e+00 0.000000e+00 0.000000e+00
 0.000000e+00 0.000000e+00 0.000000e+00 0.000000e+00 0.000000e+00 0.000000e+00 0.000000e+00 0.000000e+00 0.000000e+00 0.000000e+00
 0.000000e+00 0.000000e+00 0.000000e+00 0.000000e+00 0.000000e+00 0.000000e+00 0.000000e+00 0.000000e+00 0.000000e+00 0.000000e+00
 0.000000e+00 0.000000e+00 0.000000e+00 0.000000e+00 0.000000e+00 0.000000e+00 0.000000e+00 0.000000e+00 0.000000e+00 0.000000e+00
 0.000000e+00 0.000000e+00 0.000000e+00 0.000000e+00 0.000000e+00 0.000000e+00 0.000000e+00 0.000000e+00
4410 0.100000 1.015680e+08
 1.052409e+05 7.742270e+05 6.876579e+05 -3.302454e+05 9.720494e+04 -1.374384e+05 6.873297e+05 7.512912e+05 8.129283e+04 -1.087436e+06
 7.777627e+05 -1.410874e+04 -9.938472e+05 9.614519e+05 -1.130640e+06 3.349696e+05 5.523374e+05 2.323582e+05 -4.402791e+05 1.386842e+05
 -5.930306e+05 -6.019277e+05 6.170845e+05 -2.599933e+05 1.297243e+06 2.080788e+06 -1.362723e+06 -2.804219e+06 -1.125626e+06 4.699331e+04
 2.579712e+03 1.940245e+05 -7.314224e+05 1.892999e+05 -3.466508e+05 1.436749e+05 2.222387e+06 -1.173879e+06 -6.186411e+05 3.629947e+05
 1.147681e+05 -9.464366e+05 1.487117e+06 1.430187e+05 1.336395e+06 -4.424200e+05 -5.377486e+05 -1.044319e+06 3.974773e+05 -8.324919e+05
 2.796227e+05 -1.815919e+05 7.538934e+05 -1.283930e+06 1.222538e+05 3.521797e+05 -3.923863e+05 1.755082e+06 -2.543071e+05 7.871898e+05
 1.665249e+06 1.195540e+06 -3.103918e+05 -3.297914e+05 -7.160873e+04 3.150128e+05 5.261393e+05 -6.329947e+05 -2.458216e+05 -8.263872e+05
 9.290824e+05 1.821610e+06 1.241402e+06 2.032596e+06 3.235694e+06 1.409232e+05 2.192639e+06 1.222239e+06 -3.782089e+04 5.449091e+05
 5.923609e+05 7.249764e+05 9.357077e+05 3.868153e+04 -5.375941e+05 -1.020872e+05 -1.121414e+06 3.073277e+05 -9.893602e+04 -1.609813e+06
 7.585702e+05 -1.050070e+06 1.724755e+05 -1.262777e+06 -6.755918e+05 -1.102858e+06 3.578314e+06 2.684086e+05 2.267890e+06 1.950267e+06
 -1.109351e+06 1.322296e+06 5.763238e+05 2.077798e+06 9.728097e+05 -6.525933e+05 -2.162263e+05 1.225602e+06 5.103641e+05 2.929017e+05
 -2.817429e+05 9.226380e+05 -9.836282e+05 8.276747e+05 1.325571e+06 3.030902e+06 -7.787898e+05 4.959582e+05 -1.757540e+06 1.972321e+06
 2.185434e+06 -3.132011e+05 -3.556153e+05 5.286495e+05 -4.398401e+05 2.616382e+05 -2.070579e+05 9.064101e+05 -1.805185e+06 3.245640e+06
 2.500000e+06 -1.692012e+06 -4.254489e+04 -2.931964e+05 1.874064e+06 1.130663e+06 2.593869e+06 1.896281e+06 4.275079e+06 5.994979e+06
 8.960014e+06 1.431433e+07 2.922289e+07 9.045662e+07 2.421124e+08 8.213478e+07 2.315617e+07 1.121413e+07 7.587740e+06 7.302202e+06
 9.727885e+05 -5.108425e+05 1.847280e+06 -4.188183e+06 1.156206e+06 2.068043e+06 2.690445e+06 -2.205085e+06 1.024586e+06 2.765266e+06
 -5.514080e+05 8.582263e+05 2.888843e+06 7.716121e+05 -1.954495e+06 -4.838495e+05 -5.264893e+05 -5.216733e+05 1.479244e+06 -1.879577e+06
 2.135276e+06 -2.638423e+06 -2.445643e+06 -1.648884e+06 3.457475e+05 1.931343e+05 -3.347961e+05 -8.413021e+05 1.102040e+05 -1.439402e+06
 4.876588e+05 1.353862e+06 -1.415429e+06 -2.239315e+06 2.525051e+06 -2.378307e+06 7.030503e+05 6.234292e+05 -4.106641e+06 2.851484e+06
 3.452131e+06 1.666344e+06 5.287115e+05 1.604568e+06 1.315575e+06 1.120876e+06 7.786599e+05 -8.383445e+05 2.073078e+06 9.744940e+05
 -1.192672e+06 -4.217406e+05 -1.961331e+05 -2.262966e+06 -3.344276e+06 1.122237e+06 -1.005940e+06 2.050621e+05 -1.284616e+06 4.880363e+05
 -3.297037e+04 5.274230e+05 1.988403e+06 2.605246e+06 5.603094e+05 -2.813585e+06 -3.052226e+06 1.796608e+06 1.379983e+06 1.901613e+06
 2.083815e+06 -6.289296e+05 4.359714e+05 2.546455e+06 -4.479995e+04 -2.678086e+06 -1.779537e+05 2.189463e+05 2.104527e+06 -5.829412e+05
 2.312317e+06 -2.111127e+05 -1.494689e+06 -3.144526e+06 -4.068868e+06 2.407906e+06 6.666146e+05 4.348183e+06 -8.103923e+05 1.120556e+06
 -1.956960e+06 -1.683664e+06 1.053679e+06 7.175689e+05 -1.297793e+06 -8.729261e+05 4.101734e+06 1.275876e+06 1.756634e+06 -1.474356e+06
 1.536219e+06 1.814849e+06 3.665650e+05 2.273789e+06 4.203029e+05 2.461518e+06 1.533317e+06 -2.539167e+06 2.382983e+06 2.114811e+06
 -1.152282e+06 1.024278e+06 1.547376e+05 2.853833e+06 -2.868185e+06 -2.064609e+06 7.526246e+05 -4.632943e+05 2.442970e+06 6.866802e+05
 2.066377e+06 -7.577982e+05 -3.331080e+06 2.326323e+06 -2.398115e+05 1.307256e+06 -1.442534e+05 -1.539398e+06 3.595382e+04 1.214302e+06
 1.835825e+06 2.240295e+06 1.904551e+06 1.941907e+06 -2.173135e+06 7.428798e+05 -1.704356e+06 6.672289e+05
 0.000000e+00 0.000000e+00 0.000000e+00 0.000000e+00 0.000000e+00 0.000000e+00 0.000000e+00 0.000000e+00 0.000000e+00 0.000000e+00
 0.000000e+00 0.000000e+00 0.000000e+00 0.000000e+00 0.000000e+00 0.000000e+00 0.000000e+00 0.000000e+00 0.000000e+00 0.000000e+00
 0.000000e+00 0.000000e+00 0.000000e+00 0.000000e+00 0.000000e+00 0.000000e+00 0.000000e+00 0.000000e+00 0.000000e+00 0.000000e+00
 0.000000e+00 0.000000e+00 0.000000e+00 0.000000e+00 0.000000e+00 0.000000e+00 0.000000e+00 0.000000e+00 0.000000e+00 0.000000e+00
 0.000000e+00 0.000000e+00 0.000000e+00 0.000000e+00 0.000000e+00 0.000000e+00 0.000000e+00 0.000000e+00 0.000000e+00 0.000000e+00
 0.000000e+00 0.000000e+00 0.000000e+00 0.000000e+00 0.000000e+00 0.000000e+00 0.000000e+00 0.000000e+00 0.000000e+00 0.000000e+00
 0.000000e+00 0.000000e+00 0.000000e+00 0.000000e+00 0.000000e+00 0.000000e+00 0.000000e+00 0.000000e+00 0.000000e+00 0.000000e+00
 0.000000e+00 0.000000e+00 0.000000e+00 0.000000e+00 0.000000e+00 0.000000e+00 0.000000e+00 0.000000e+00 0.000000e+00 0.000000e+00
 0.000000e+00 0.000000e+00 0.000000e+00 0.000000e+00 0.000000e+00 0.000000e+00 0.000000e+00 0.000000e+00 0.000000e+00 0.000000e+00
 0.000000e+00 0.000000e+00 0.000000e+00 0.000000e+00 0.000000e+00 0.000000e+00 0.000000e+00 0.000000e+00 0.000000e+00 0.000000e+00
 0.000000e+00 0.000000e+00 0.000000e+00 0.000000e+00 0.000000e+00 0.000000e+00 0.000000e+00 0.000000e+00 0.000000e+00 0.000000e+00
 0.000000e+00 0.000000e+00 0.000000e+00 0.000000e+00 0.000000e+00 0.000000e+00 0.000000e+00 0.000000e+00 0.000000e+00 0.000000e+00
 0.000000e+00 0.000000e+00 0.000000e+00 0.000000e+00 0.000000e+00 0.000000e+00 0.000000e+00 0.000000e+00 0.000000e+00 0.000000e+00
 0.000000e+00 0.000000e+00 0.000000e+00 0.000000e+00 0.000000e+00 0.000000e+00 0.000000e+00 0.000000e+00 0.000000e+00 0.000000e+00
 0.000000e+00 0.000000e+00 0.000000e+00 0.000000e+00 0.000000e+00 0.000000e+00 0.000000e+00 0.000000e+00 0.000000e+00 0.000000e+00
 0.000000e+00 0.000000e+00 0.000000e+00 0.000000e+00 0.000000e+00 0.000000e+00 0.000000e+00 0.000000e+00 0.000000e+00 0.000000e+00
 0.000000e+00 0.000000e+00 0.000000e+00 0.000000e+00 0.000000e+00 0.000000e+00 0.000000e+00 0.000000e+00 0.000000e+00 0.000000e+00
 0.000000e+00 0.000000e+00 0.000000e+00 0.000000e+00 0.000000e+00 0.000000e+00 0.000000e+00 0.000000e+00 0.000000e+00 0.000000e+00
 0.000000e+00 0.000000e+00 0.000000e+00 0.000000e+00 0.000000e+00 0.000000e+00 0.000000e+00 0.000000e+00 0.000000e+00 0.000000e+00
 0.000000e+00 0.000000e+00 0.000000e+00 0.000000e+00 0.000000e+00 0.000000e+00 0.000000e+00 0.000000e+00 0.000000e+00 0.000000e+00
 0.000000e+00 0.000000e+00 0.000000e+00 0.000000e+00 0.000000e+00 0.000000e+00 0.000000e+00 0.000000e+00 0.000000e+00 0.000000e+00
 0.000000e+00 0.000000e+00 0.000000e+00 0.000000e+00 0.000000e+00 0.000000e+00 0.000000e+00 0.000000e+00 0.000000e+00 0.000000e+00
 0.000000e+00 0.000000e+00 0.000000e+00 0.000000e+00 0.000000e+00 0.000000e+00 0.000000e+00 0.000000e+00 0.000000e+00 0.000000e+00
 0.000000e+00 0.000000e+00 0.000000e+00 0.000000e+00 0.000000e+00 0.000000e+00 0.000000e+00 0.000000e+00 0.000000e+00 0.000000e+00
 0.000000e+00 0.000000e+00 0.000000e+00 0.000000e+00 0.000000e+00 0.000000e+00 0.000000e+00 0.000000e+00 0.000000e+00 0.000000e+00
 0.000000e+00 0.000000e+00 0.000000e+00 0.000000e+00 0.000000e+00 0.000000e+00 0.000000e+00 0.000000e+00 0.000000e+00 0.000000e+00
 0.000000e+00 0.000000e+00 0.000000e+00 0.000000e+00 0.000000e+00 0.000000e+00 0.000000e+00 0.000000e+00 0.000000e+00 0.000000e+00
 0.000000e+00 0.000000e+00 0.000000e+00 0.000000e+00 0.000000e+00 0.000000e+00 0.000000e+00 0.000000e+00 0.000000e+00 0.000000e+00
 0.000000e+00 0.000000e+00 0.000000e+00 0.000000e+00 0.000000e+00 0.000000e+00 0.000000e+00 0.000000e+00
